Load data completo
Load model completo
Get input and output completo
Run forward completo
Images: 2722
0: D:\Matlab\TCC\Originais\feret_frontal/00001/00001_930831_fa_a.png
1: D:\Matlab\TCC\Originais\feret_frontal/00001/00001_930831_fb_a.png
2: D:\Matlab\TCC\Originais\feret_frontal/00002/00002_930831_fa.png
3: D:\Matlab\TCC\Originais\feret_frontal/00002/00002_930831_fb.png
4: D:\Matlab\TCC\Originais\feret_frontal/00002/00002_931230_fa.png
5: D:\Matlab\TCC\Originais\feret_frontal/00002/00002_931230_fb.png
6: D:\Matlab\TCC\Originais\feret_frontal/00002/00002_940128_fa.png
7: D:\Matlab\TCC\Originais\feret_frontal/00002/00002_940128_fb.png
8: D:\Matlab\TCC\Originais\feret_frontal/00002/00002_940422_fa.png
9: D:\Matlab\TCC\Originais\feret_frontal/00002/00002_940422_fb.png
10: D:\Matlab\TCC\Originais\feret_frontal/00002/00002_940928_fa.png
11: D:\Matlab\TCC\Originais\feret_frontal/00002/00002_940928_fb.png
12: D:\Matlab\TCC\Originais\feret_frontal/00003/00003_930831_fa_a.png
13: D:\Matlab\TCC\Originais\feret_frontal/00003/00003_930831_fb_a.png
14: D:\Matlab\TCC\Originais\feret_frontal/00003/00003_931230_fa_a.png
15: D:\Matlab\TCC\Originais\feret_frontal/00003/00003_931230_fb_a.png
16: D:\Matlab\TCC\Originais\feret_frontal/00003/00003_940307_fa_a.png
17: D:\Matlab\TCC\Originais\feret_frontal/00003/00003_940307_fb_a.png
18: D:\Matlab\TCC\Originais\feret_frontal/00003/00003_941121_fa.png
19: D:\Matlab\TCC\Originais\feret_frontal/00003/00003_941121_fb.png
20: D:\Matlab\TCC\Originais\feret_frontal/00004/00004_930831_fa.png
21: D:\Matlab\TCC\Originais\feret_frontal/00004/00004_930831_fb.png
22: D:\Matlab\TCC\Originais\feret_frontal/00005/00005_930831_fa.png
23: D:\Matlab\TCC\Originais\feret_frontal/00005/00005_930831_fb.png
24: D:\Matlab\TCC\Originais\feret_frontal/00005/00005_941121_fa.png
25: D:\Matlab\TCC\Originais\feret_frontal/00005/00005_941121_fb.png
26: D:\Matlab\TCC\Originais\feret_frontal/00006/00006_930831_fa_a.png
27: D:\Matlab\TCC\Originais\feret_frontal/00006/00006_930831_fb_a.png
28: D:\Matlab\TCC\Originais\feret_frontal/00006/00006_931230_fa.png
29: D:\Matlab\TCC\Originais\feret_frontal/00006/00006_931230_fb.png
30: D:\Matlab\TCC\Originais\feret_frontal/00007/00007_930831_fa_a.png
31: D:\Matlab\TCC\Originais\feret_frontal/00007/00007_930831_fb_a.png
32: D:\Matlab\TCC\Originais\feret_frontal/00008/00008_930831_fa_a.png
33: D:\Matlab\TCC\Originais\feret_frontal/00008/00008_930831_fb_a.png
34: D:\Matlab\TCC\Originais\feret_frontal/00009/00009_930831_fa_a.png
35: D:\Matlab\TCC\Originais\feret_frontal/00009/00009_930831_fb_a.png
36: D:\Matlab\TCC\Originais\feret_frontal/00010/00010_930831_fa.png
37: D:\Matlab\TCC\Originais\feret_frontal/00010/00010_930831_fb.png
38: D:\Matlab\TCC\Originais\feret_frontal/00012/00012_930831_fa.png
39: D:\Matlab\TCC\Originais\feret_frontal/00012/00012_930831_fa_a.png
40: D:\Matlab\TCC\Originais\feret_frontal/00012/00012_930831_fb.png
41: D:\Matlab\TCC\Originais\feret_frontal/00012/00012_930831_fb_a.png
42: D:\Matlab\TCC\Originais\feret_frontal/00013/00013_930831_fa.png
43: D:\Matlab\TCC\Originais\feret_frontal/00013/00013_930831_fb.png
44: D:\Matlab\TCC\Originais\feret_frontal/00013/00013_931230_fa.png
45: D:\Matlab\TCC\Originais\feret_frontal/00013/00013_931230_fb.png
46: D:\Matlab\TCC\Originais\feret_frontal/00014/00014_930831_fa.png
47: D:\Matlab\TCC\Originais\feret_frontal/00014/00014_930831_fb.png
48: D:\Matlab\TCC\Originais\feret_frontal/00015/00015_930831_fa.png
49: D:\Matlab\TCC\Originais\feret_frontal/00015/00015_930831_fb.png
50: D:\Matlab\TCC\Originais\feret_frontal/00016/00016_930831_fa.png
51: D:\Matlab\TCC\Originais\feret_frontal/00016/00016_930831_fb.png
52: D:\Matlab\TCC\Originais\feret_frontal/00017/00017_930831_fa.png
53: D:\Matlab\TCC\Originais\feret_frontal/00017/00017_930831_fb.png
54: D:\Matlab\TCC\Originais\feret_frontal/00018/00018_930831_fa.png
55: D:\Matlab\TCC\Originais\feret_frontal/00018/00018_930831_fb.png
56: D:\Matlab\TCC\Originais\feret_frontal/00019/00019_930831_fa.png
57: D:\Matlab\TCC\Originais\feret_frontal/00019/00019_930831_fb.png
58: D:\Matlab\TCC\Originais\feret_frontal/00019/00019_940128_fa.png
59: D:\Matlab\TCC\Originais\feret_frontal/00019/00019_940128_fb.png
60: D:\Matlab\TCC\Originais\feret_frontal/00019/00019_940307_fa.png
61: D:\Matlab\TCC\Originais\feret_frontal/00019/00019_940307_fb.png
62: D:\Matlab\TCC\Originais\feret_frontal/00019/00019_940422_fa.png
63: D:\Matlab\TCC\Originais\feret_frontal/00019/00019_940422_fb.png
64: D:\Matlab\TCC\Originais\feret_frontal/00020/00020_930831_fa.png
65: D:\Matlab\TCC\Originais\feret_frontal/00020/00020_930831_fb.png
66: D:\Matlab\TCC\Originais\feret_frontal/00020/00020_931230_fa.png
67: D:\Matlab\TCC\Originais\feret_frontal/00020/00020_931230_fb.png
68: D:\Matlab\TCC\Originais\feret_frontal/00021/00021_930831_fa.png
69: D:\Matlab\TCC\Originais\feret_frontal/00021/00021_930831_fb.png
70: D:\Matlab\TCC\Originais\feret_frontal/00022/00022_930831_fa.png
71: D:\Matlab\TCC\Originais\feret_frontal/00022/00022_930831_fb.png
72: D:\Matlab\TCC\Originais\feret_frontal/00023/00023_930831_fa.png
73: D:\Matlab\TCC\Originais\feret_frontal/00023/00023_930831_fb.png
74: D:\Matlab\TCC\Originais\feret_frontal/00024/00024_930831_fa.png
75: D:\Matlab\TCC\Originais\feret_frontal/00024/00024_930831_fb.png
76: D:\Matlab\TCC\Originais\feret_frontal/00024/00024_940128_fa_a.png
77: D:\Matlab\TCC\Originais\feret_frontal/00024/00024_940128_fb_a.png
78: D:\Matlab\TCC\Originais\feret_frontal/00024/00024_940307_fa.png
79: D:\Matlab\TCC\Originais\feret_frontal/00024/00024_940307_fb.png
80: D:\Matlab\TCC\Originais\feret_frontal/00025/00025_930831_fa.png
81: D:\Matlab\TCC\Originais\feret_frontal/00025/00025_930831_fb.png
82: D:\Matlab\TCC\Originais\feret_frontal/00026/00026_930831_fa.png
83: D:\Matlab\TCC\Originais\feret_frontal/00026/00026_930831_fb.png
84: D:\Matlab\TCC\Originais\feret_frontal/00026/00026_931230_fa_a.png
85: D:\Matlab\TCC\Originais\feret_frontal/00026/00026_931230_fb_a.png
86: D:\Matlab\TCC\Originais\feret_frontal/00027/00027_930831_fa.png
87: D:\Matlab\TCC\Originais\feret_frontal/00027/00027_930831_fb.png
88: D:\Matlab\TCC\Originais\feret_frontal/00028/00028_930831_fa.png
89: D:\Matlab\TCC\Originais\feret_frontal/00028/00028_930831_fb.png
90: D:\Matlab\TCC\Originais\feret_frontal/00028/00028_940128_fa.png
91: D:\Matlab\TCC\Originais\feret_frontal/00028/00028_940128_fb.png
92: D:\Matlab\TCC\Originais\feret_frontal/00028/00028_940928_fa.png
93: D:\Matlab\TCC\Originais\feret_frontal/00028/00028_940928_fb.png
94: D:\Matlab\TCC\Originais\feret_frontal/00029/00029_930831_fa.png
95: D:\Matlab\TCC\Originais\feret_frontal/00029/00029_930831_fb.png
96: D:\Matlab\TCC\Originais\feret_frontal/00029/00029_931230_fa.png
97: D:\Matlab\TCC\Originais\feret_frontal/00029/00029_931230_fb.png
98: D:\Matlab\TCC\Originais\feret_frontal/00029/00029_940128_fa.png
99: D:\Matlab\TCC\Originais\feret_frontal/00029/00029_940128_fb.png
100: D:\Matlab\TCC\Originais\feret_frontal/00029/00029_940307_fa.png
101: D:\Matlab\TCC\Originais\feret_frontal/00029/00029_940307_fb.png
102: D:\Matlab\TCC\Originais\feret_frontal/00029/00029_940422_fa.png
103: D:\Matlab\TCC\Originais\feret_frontal/00029/00029_940422_fb.png
104: D:\Matlab\TCC\Originais\feret_frontal/00029/00029_940519_fa.png
105: D:\Matlab\TCC\Originais\feret_frontal/00029/00029_940519_fb.png
106: D:\Matlab\TCC\Originais\feret_frontal/00029/00029_940928_fa.png
107: D:\Matlab\TCC\Originais\feret_frontal/00029/00029_940928_fb.png
108: D:\Matlab\TCC\Originais\feret_frontal/00029/00029_941031_fa.png
109: D:\Matlab\TCC\Originais\feret_frontal/00029/00029_941031_fb.png
110: D:\Matlab\TCC\Originais\feret_frontal/00029/00029_960530_fa.png
111: D:\Matlab\TCC\Originais\feret_frontal/00029/00029_960530_fb.png
112: D:\Matlab\TCC\Originais\feret_frontal/00029/00029_960620_fa.png
113: D:\Matlab\TCC\Originais\feret_frontal/00029/00029_960620_fb.png
114: D:\Matlab\TCC\Originais\feret_frontal/00029/00029_960627_fa.png
115: D:\Matlab\TCC\Originais\feret_frontal/00029/00029_960627_fb.png
116: D:\Matlab\TCC\Originais\feret_frontal/00030/00030_930831_fa_a.png
117: D:\Matlab\TCC\Originais\feret_frontal/00030/00030_930831_fb_a.png
118: D:\Matlab\TCC\Originais\feret_frontal/00031/00031_930831_fa_a.png
119: D:\Matlab\TCC\Originais\feret_frontal/00031/00031_930831_fb_a.png
120: D:\Matlab\TCC\Originais\feret_frontal/00032/00032_930831_fa_a.png
121: D:\Matlab\TCC\Originais\feret_frontal/00032/00032_930831_fb_a.png
122: D:\Matlab\TCC\Originais\feret_frontal/00033/00033_930831_fa.png
123: D:\Matlab\TCC\Originais\feret_frontal/00033/00033_930831_fb.png
124: D:\Matlab\TCC\Originais\feret_frontal/00034/00034_930831_fa_a.png
125: D:\Matlab\TCC\Originais\feret_frontal/00034/00034_930831_fb_a.png
126: D:\Matlab\TCC\Originais\feret_frontal/00035/00035_930831_fa.png
127: D:\Matlab\TCC\Originais\feret_frontal/00035/00035_930831_fb.png
128: D:\Matlab\TCC\Originais\feret_frontal/00036/00036_930831_fa_a.png
129: D:\Matlab\TCC\Originais\feret_frontal/00036/00036_930831_fb_a.png
130: D:\Matlab\TCC\Originais\feret_frontal/00037/00037_930831_fa_a.png
131: D:\Matlab\TCC\Originais\feret_frontal/00037/00037_930831_fb_a.png
132: D:\Matlab\TCC\Originais\feret_frontal/00038/00038_930831_fa.png
133: D:\Matlab\TCC\Originais\feret_frontal/00038/00038_930831_fb.png
134: D:\Matlab\TCC\Originais\feret_frontal/00038/00038_940128_fa.png
135: D:\Matlab\TCC\Originais\feret_frontal/00038/00038_940128_fb.png
136: D:\Matlab\TCC\Originais\feret_frontal/00039/00039_930831_fa.png
137: D:\Matlab\TCC\Originais\feret_frontal/00039/00039_930831_fb.png
138: D:\Matlab\TCC\Originais\feret_frontal/00040/00040_930831_fa.png
139: D:\Matlab\TCC\Originais\feret_frontal/00040/00040_930831_fb.png
140: D:\Matlab\TCC\Originais\feret_frontal/00040/00040_931230_fa.png
141: D:\Matlab\TCC\Originais\feret_frontal/00040/00040_931230_fb.png
142: D:\Matlab\TCC\Originais\feret_frontal/00041/00041_930831_fa.png
143: D:\Matlab\TCC\Originais\feret_frontal/00041/00041_930831_fb.png
144: D:\Matlab\TCC\Originais\feret_frontal/00042/00042_930831_fa.png
145: D:\Matlab\TCC\Originais\feret_frontal/00042/00042_930831_fb.png
146: D:\Matlab\TCC\Originais\feret_frontal/00043/00043_931230_fa.png
147: D:\Matlab\TCC\Originais\feret_frontal/00043/00043_931230_fb.png
148: D:\Matlab\TCC\Originais\feret_frontal/00044/00044_931230_fa.png
149: D:\Matlab\TCC\Originais\feret_frontal/00044/00044_931230_fb.png
150: D:\Matlab\TCC\Originais\feret_frontal/00045/00045_931230_fa_a.png
151: D:\Matlab\TCC\Originais\feret_frontal/00045/00045_931230_fb_a.png
152: D:\Matlab\TCC\Originais\feret_frontal/00046/00046_931230_fa.png
153: D:\Matlab\TCC\Originais\feret_frontal/00046/00046_931230_fb.png
154: D:\Matlab\TCC\Originais\feret_frontal/00047/00047_931230_fa.png
155: D:\Matlab\TCC\Originais\feret_frontal/00047/00047_931230_fb.png
156: D:\Matlab\TCC\Originais\feret_frontal/00048/00048_931230_fa_a.png
157: D:\Matlab\TCC\Originais\feret_frontal/00048/00048_931230_fb_a.png
158: D:\Matlab\TCC\Originais\feret_frontal/00049/00049_931230_fa.png
159: D:\Matlab\TCC\Originais\feret_frontal/00049/00049_931230_fb.png
160: D:\Matlab\TCC\Originais\feret_frontal/00050/00050_931230_fa.png
161: D:\Matlab\TCC\Originais\feret_frontal/00050/00050_931230_fb.png
162: D:\Matlab\TCC\Originais\feret_frontal/00051/00051_931230_fa.png
163: D:\Matlab\TCC\Originais\feret_frontal/00051/00051_931230_fb.png
164: D:\Matlab\TCC\Originais\feret_frontal/00052/00052_931230_fa.png
165: D:\Matlab\TCC\Originais\feret_frontal/00052/00052_931230_fb.png
166: D:\Matlab\TCC\Originais\feret_frontal/00053/00053_931230_fa.png
167: D:\Matlab\TCC\Originais\feret_frontal/00053/00053_931230_fb.png
168: D:\Matlab\TCC\Originais\feret_frontal/00054/00054_931230_fa_a.png
169: D:\Matlab\TCC\Originais\feret_frontal/00054/00054_931230_fb_a.png
170: D:\Matlab\TCC\Originais\feret_frontal/00055/00055_931230_fa_a.png
171: D:\Matlab\TCC\Originais\feret_frontal/00055/00055_931230_fb_a.png
172: D:\Matlab\TCC\Originais\feret_frontal/00056/00056_931230_fa.png
173: D:\Matlab\TCC\Originais\feret_frontal/00056/00056_931230_fb.png
174: D:\Matlab\TCC\Originais\feret_frontal/00057/00057_931230_fa.png
175: D:\Matlab\TCC\Originais\feret_frontal/00057/00057_931230_fb.png
176: D:\Matlab\TCC\Originais\feret_frontal/00058/00058_931230_fa.png
177: D:\Matlab\TCC\Originais\feret_frontal/00058/00058_931230_fb.png
178: D:\Matlab\TCC\Originais\feret_frontal/00059/00059_931230_fa.png
179: D:\Matlab\TCC\Originais\feret_frontal/00059/00059_931230_fb.png
180: D:\Matlab\TCC\Originais\feret_frontal/00060/00060_931230_fa.png
181: D:\Matlab\TCC\Originais\feret_frontal/00060/00060_931230_fb.png
182: D:\Matlab\TCC\Originais\feret_frontal/00061/00061_931230_fa.png
183: D:\Matlab\TCC\Originais\feret_frontal/00061/00061_931230_fb.png
184: D:\Matlab\TCC\Originais\feret_frontal/00062/00062_931230_fa.png
185: D:\Matlab\TCC\Originais\feret_frontal/00062/00062_931230_fb.png
186: D:\Matlab\TCC\Originais\feret_frontal/00063/00063_931230_fa.png
187: D:\Matlab\TCC\Originais\feret_frontal/00063/00063_931230_fb.png
188: D:\Matlab\TCC\Originais\feret_frontal/00064/00064_931230_fa.png
189: D:\Matlab\TCC\Originais\feret_frontal/00064/00064_931230_fb.png
190: D:\Matlab\TCC\Originais\feret_frontal/00065/00065_931230_fa.png
191: D:\Matlab\TCC\Originais\feret_frontal/00065/00065_931230_fb.png
192: D:\Matlab\TCC\Originais\feret_frontal/00066/00066_931230_fa_a.png
193: D:\Matlab\TCC\Originais\feret_frontal/00066/00066_931230_fb_a.png
194: D:\Matlab\TCC\Originais\feret_frontal/00067/00067_931230_fa_a.png
195: D:\Matlab\TCC\Originais\feret_frontal/00067/00067_931230_fb_a.png
196: D:\Matlab\TCC\Originais\feret_frontal/00068/00068_931230_fa.png
197: D:\Matlab\TCC\Originais\feret_frontal/00068/00068_931230_fb.png
198: D:\Matlab\TCC\Originais\feret_frontal/00069/00069_931230_fa.png
199: D:\Matlab\TCC\Originais\feret_frontal/00069/00069_931230_fb.png
200: D:\Matlab\TCC\Originais\feret_frontal/00070/00070_931230_fa.png
201: D:\Matlab\TCC\Originais\feret_frontal/00070/00070_931230_fb.png
202: D:\Matlab\TCC\Originais\feret_frontal/00070/00070_940307_fa.png
203: D:\Matlab\TCC\Originais\feret_frontal/00070/00070_940307_fb.png
204: D:\Matlab\TCC\Originais\feret_frontal/00070/00070_940422_fa.png
205: D:\Matlab\TCC\Originais\feret_frontal/00070/00070_940422_fb.png
206: D:\Matlab\TCC\Originais\feret_frontal/00070/00070_940928_fa.png
207: D:\Matlab\TCC\Originais\feret_frontal/00070/00070_940928_fb.png
208: D:\Matlab\TCC\Originais\feret_frontal/00070/00070_941031_fa.png
209: D:\Matlab\TCC\Originais\feret_frontal/00070/00070_941031_fb.png
210: D:\Matlab\TCC\Originais\feret_frontal/00070/00070_941121_fa.png
211: D:\Matlab\TCC\Originais\feret_frontal/00070/00070_941121_fb.png
212: D:\Matlab\TCC\Originais\feret_frontal/00071/00071_931230_fa.png
213: D:\Matlab\TCC\Originais\feret_frontal/00071/00071_931230_fb.png
214: D:\Matlab\TCC\Originais\feret_frontal/00071/00071_940128_fa.png
215: D:\Matlab\TCC\Originais\feret_frontal/00071/00071_940128_fb.png
216: D:\Matlab\TCC\Originais\feret_frontal/00071/00071_941031_fa.png
217: D:\Matlab\TCC\Originais\feret_frontal/00071/00071_941031_fb.png
218: D:\Matlab\TCC\Originais\feret_frontal/00072/00072_931230_fa.png
219: D:\Matlab\TCC\Originais\feret_frontal/00072/00072_931230_fb.png
220: D:\Matlab\TCC\Originais\feret_frontal/00073/00073_931230_fa.png
221: D:\Matlab\TCC\Originais\feret_frontal/00073/00073_931230_fb.png
222: D:\Matlab\TCC\Originais\feret_frontal/00074/00074_931230_fa_a.png
223: D:\Matlab\TCC\Originais\feret_frontal/00074/00074_931230_fb_a.png
224: D:\Matlab\TCC\Originais\feret_frontal/00075/00075_931230_fa.png
225: D:\Matlab\TCC\Originais\feret_frontal/00075/00075_931230_fb.png
226: D:\Matlab\TCC\Originais\feret_frontal/00076/00076_931230_fa.png
227: D:\Matlab\TCC\Originais\feret_frontal/00076/00076_931230_fb.png
228: D:\Matlab\TCC\Originais\feret_frontal/00077/00077_931230_fa.png
229: D:\Matlab\TCC\Originais\feret_frontal/00077/00077_931230_fb.png
230: D:\Matlab\TCC\Originais\feret_frontal/00078/00078_931230_fa_a.png
231: D:\Matlab\TCC\Originais\feret_frontal/00078/00078_931230_fb_a.png
232: D:\Matlab\TCC\Originais\feret_frontal/00079/00079_931230_fa_a.png
233: D:\Matlab\TCC\Originais\feret_frontal/00079/00079_931230_fb_a.png
234: D:\Matlab\TCC\Originais\feret_frontal/00080/00080_931230_fa.png
235: D:\Matlab\TCC\Originais\feret_frontal/00080/00080_931230_fb.png
236: D:\Matlab\TCC\Originais\feret_frontal/00081/00081_931230_fa.png
237: D:\Matlab\TCC\Originais\feret_frontal/00081/00081_931230_fb.png
238: D:\Matlab\TCC\Originais\feret_frontal/00081/00081_940928_fa.png
239: D:\Matlab\TCC\Originais\feret_frontal/00081/00081_940928_fb.png
240: D:\Matlab\TCC\Originais\feret_frontal/00081/00081_941031_fa.png
241: D:\Matlab\TCC\Originais\feret_frontal/00081/00081_941031_fb.png
242: D:\Matlab\TCC\Originais\feret_frontal/00082/00082_931230_fa.png
243: D:\Matlab\TCC\Originais\feret_frontal/00082/00082_931230_fb.png
244: D:\Matlab\TCC\Originais\feret_frontal/00083/00083_931230_fa_a.png
245: D:\Matlab\TCC\Originais\feret_frontal/00083/00083_931230_fb_a.png
246: D:\Matlab\TCC\Originais\feret_frontal/00083/00083_940128_fa_a.png
247: D:\Matlab\TCC\Originais\feret_frontal/00083/00083_940128_fb_a.png
248: D:\Matlab\TCC\Originais\feret_frontal/00084/00084_931230_fa.png
249: D:\Matlab\TCC\Originais\feret_frontal/00084/00084_931230_fb.png
250: D:\Matlab\TCC\Originais\feret_frontal/00085/00085_931230_fa.png
251: D:\Matlab\TCC\Originais\feret_frontal/00085/00085_931230_fb.png
252: D:\Matlab\TCC\Originais\feret_frontal/00086/00086_931230_fa.png
253: D:\Matlab\TCC\Originais\feret_frontal/00086/00086_931230_fb.png
254: D:\Matlab\TCC\Originais\feret_frontal/00086/00086_940422_fa.png
255: D:\Matlab\TCC\Originais\feret_frontal/00086/00086_940422_fb.png
256: D:\Matlab\TCC\Originais\feret_frontal/00087/00087_931230_fa_a.png
257: D:\Matlab\TCC\Originais\feret_frontal/00087/00087_931230_fb_a.png
258: D:\Matlab\TCC\Originais\feret_frontal/00088/00088_931230_fa_a.png
259: D:\Matlab\TCC\Originais\feret_frontal/00088/00088_931230_fb_a.png
260: D:\Matlab\TCC\Originais\feret_frontal/00089/00089_931230_fa.png
261: D:\Matlab\TCC\Originais\feret_frontal/00089/00089_931230_fb.png
262: D:\Matlab\TCC\Originais\feret_frontal/00090/00090_931230_fa.png
263: D:\Matlab\TCC\Originais\feret_frontal/00090/00090_931230_fb.png
264: D:\Matlab\TCC\Originais\feret_frontal/00091/00091_931230_fa.png
265: D:\Matlab\TCC\Originais\feret_frontal/00091/00091_931230_fb.png
266: D:\Matlab\TCC\Originais\feret_frontal/00092/00092_931230_fa.png
267: D:\Matlab\TCC\Originais\feret_frontal/00092/00092_931230_fb.png
268: D:\Matlab\TCC\Originais\feret_frontal/00093/00093_931230_fa.png
269: D:\Matlab\TCC\Originais\feret_frontal/00093/00093_931230_fb.png
270: D:\Matlab\TCC\Originais\feret_frontal/00093/00093_940128_fa.png
271: D:\Matlab\TCC\Originais\feret_frontal/00093/00093_940128_fb.png
272: D:\Matlab\TCC\Originais\feret_frontal/00093/00093_941031_fa.png
273: D:\Matlab\TCC\Originais\feret_frontal/00093/00093_941031_fb.png
274: D:\Matlab\TCC\Originais\feret_frontal/00093/00093_941121_fa.png
275: D:\Matlab\TCC\Originais\feret_frontal/00093/00093_941121_fb.png
276: D:\Matlab\TCC\Originais\feret_frontal/00094/00094_931230_fa_a.png
277: D:\Matlab\TCC\Originais\feret_frontal/00094/00094_931230_fb_a.png
278: D:\Matlab\TCC\Originais\feret_frontal/00095/00095_931230_fa.png
279: D:\Matlab\TCC\Originais\feret_frontal/00095/00095_931230_fb.png
280: D:\Matlab\TCC\Originais\feret_frontal/00095/00095_940128_fa.png
281: D:\Matlab\TCC\Originais\feret_frontal/00095/00095_940128_fb.png
282: D:\Matlab\TCC\Originais\feret_frontal/00096/00096_931230_fa.png
283: D:\Matlab\TCC\Originais\feret_frontal/00096/00096_931230_fb.png
284: D:\Matlab\TCC\Originais\feret_frontal/00096/00096_940128_fa.png
285: D:\Matlab\TCC\Originais\feret_frontal/00096/00096_940128_fb.png
286: D:\Matlab\TCC\Originais\feret_frontal/00097/00097_931230_fa.png
287: D:\Matlab\TCC\Originais\feret_frontal/00097/00097_931230_fb.png
288: D:\Matlab\TCC\Originais\feret_frontal/00098/00098_931230_fa.png
289: D:\Matlab\TCC\Originais\feret_frontal/00098/00098_931230_fb.png
290: D:\Matlab\TCC\Originais\feret_frontal/00099/00099_931230_fa_a.png
291: D:\Matlab\TCC\Originais\feret_frontal/00099/00099_931230_fb_a.png
292: D:\Matlab\TCC\Originais\feret_frontal/00100/00100_931230_fa_a.png
293: D:\Matlab\TCC\Originais\feret_frontal/00100/00100_931230_fb_a.png
294: D:\Matlab\TCC\Originais\feret_frontal/00101/00101_931230_fa.png
295: D:\Matlab\TCC\Originais\feret_frontal/00101/00101_931230_fb.png
296: D:\Matlab\TCC\Originais\feret_frontal/00102/00102_931230_fa.png
297: D:\Matlab\TCC\Originais\feret_frontal/00102/00102_931230_fb.png
298: D:\Matlab\TCC\Originais\feret_frontal/00103/00103_931230_fa_a.png
299: D:\Matlab\TCC\Originais\feret_frontal/00103/00103_931230_fb_a.png
300: D:\Matlab\TCC\Originais\feret_frontal/00104/00104_931230_fa.png
301: D:\Matlab\TCC\Originais\feret_frontal/00104/00104_931230_fb.png
302: D:\Matlab\TCC\Originais\feret_frontal/00105/00105_931230_fa.png
303: D:\Matlab\TCC\Originais\feret_frontal/00105/00105_931230_fb.png
304: D:\Matlab\TCC\Originais\feret_frontal/00106/00106_931230_fa_a.png
305: D:\Matlab\TCC\Originais\feret_frontal/00106/00106_931230_fb_a.png
306: D:\Matlab\TCC\Originais\feret_frontal/00107/00107_931230_fa.png
307: D:\Matlab\TCC\Originais\feret_frontal/00107/00107_931230_fb.png
308: D:\Matlab\TCC\Originais\feret_frontal/00107/00107_941031_fa.png
309: D:\Matlab\TCC\Originais\feret_frontal/00107/00107_941031_fb.png
310: D:\Matlab\TCC\Originais\feret_frontal/00107/00107_941121_fa.png
311: D:\Matlab\TCC\Originais\feret_frontal/00107/00107_941121_fb.png
312: D:\Matlab\TCC\Originais\feret_frontal/00108/00108_931230_fa.png
313: D:\Matlab\TCC\Originais\feret_frontal/00108/00108_931230_fb.png
314: D:\Matlab\TCC\Originais\feret_frontal/00108/00108_940128_fa.png
315: D:\Matlab\TCC\Originais\feret_frontal/00108/00108_940128_fb.png
316: D:\Matlab\TCC\Originais\feret_frontal/00108/00108_941031_fa.png
317: D:\Matlab\TCC\Originais\feret_frontal/00108/00108_941031_fb.png
318: D:\Matlab\TCC\Originais\feret_frontal/00108/00108_960530_fa.png
319: D:\Matlab\TCC\Originais\feret_frontal/00108/00108_960530_fb.png
320: D:\Matlab\TCC\Originais\feret_frontal/00109/00109_931230_fa.png
321: D:\Matlab\TCC\Originais\feret_frontal/00109/00109_931230_fb.png
322: D:\Matlab\TCC\Originais\feret_frontal/00110/00110_931230_fa.png
323: D:\Matlab\TCC\Originais\feret_frontal/00110/00110_931230_fb.png
324: D:\Matlab\TCC\Originais\feret_frontal/00111/00111_931230_fa.png
325: D:\Matlab\TCC\Originais\feret_frontal/00111/00111_931230_fb.png
326: D:\Matlab\TCC\Originais\feret_frontal/00112/00112_931230_fa.png
327: D:\Matlab\TCC\Originais\feret_frontal/00112/00112_931230_fb.png
328: D:\Matlab\TCC\Originais\feret_frontal/00113/00113_931230_fa_a.png
329: D:\Matlab\TCC\Originais\feret_frontal/00113/00113_931230_fb_a.png
330: D:\Matlab\TCC\Originais\feret_frontal/00114/00114_931230_fa.png
331: D:\Matlab\TCC\Originais\feret_frontal/00114/00114_931230_fb.png
332: D:\Matlab\TCC\Originais\feret_frontal/00115/00115_931230_fa.png
333: D:\Matlab\TCC\Originais\feret_frontal/00115/00115_931230_fb.png
334: D:\Matlab\TCC\Originais\feret_frontal/00116/00116_931230_fa.png
335: D:\Matlab\TCC\Originais\feret_frontal/00116/00116_931230_fb.png
336: D:\Matlab\TCC\Originais\feret_frontal/00117/00117_931230_fa_a.png
337: D:\Matlab\TCC\Originais\feret_frontal/00117/00117_931230_fb_a.png
338: D:\Matlab\TCC\Originais\feret_frontal/00118/00118_931230_fa_a.png
339: D:\Matlab\TCC\Originais\feret_frontal/00118/00118_931230_fb_a.png
340: D:\Matlab\TCC\Originais\feret_frontal/00119/00119_931230_fa.png
341: D:\Matlab\TCC\Originais\feret_frontal/00119/00119_931230_fb.png
342: D:\Matlab\TCC\Originais\feret_frontal/00120/00120_931230_fa.png
343: D:\Matlab\TCC\Originais\feret_frontal/00120/00120_931230_fb.png
344: D:\Matlab\TCC\Originais\feret_frontal/00121/00121_931230_fa.png
345: D:\Matlab\TCC\Originais\feret_frontal/00121/00121_931230_fb.png
346: D:\Matlab\TCC\Originais\feret_frontal/00122/00122_931230_fa.png
347: D:\Matlab\TCC\Originais\feret_frontal/00122/00122_931230_fb.png
348: D:\Matlab\TCC\Originais\feret_frontal/00123/00123_931230_fa.png
349: D:\Matlab\TCC\Originais\feret_frontal/00123/00123_931230_fb.png
350: D:\Matlab\TCC\Originais\feret_frontal/00124/00124_931230_fa.png
351: D:\Matlab\TCC\Originais\feret_frontal/00124/00124_931230_fb.png
352: D:\Matlab\TCC\Originais\feret_frontal/00125/00125_931230_fa.png
353: D:\Matlab\TCC\Originais\feret_frontal/00125/00125_931230_fb.png
354: D:\Matlab\TCC\Originais\feret_frontal/00126/00126_931230_fa.png
355: D:\Matlab\TCC\Originais\feret_frontal/00126/00126_931230_fb.png
356: D:\Matlab\TCC\Originais\feret_frontal/00127/00127_931230_fa.png
357: D:\Matlab\TCC\Originais\feret_frontal/00127/00127_931230_fb.png
358: D:\Matlab\TCC\Originais\feret_frontal/00128/00128_931230_fa_a.png
359: D:\Matlab\TCC\Originais\feret_frontal/00128/00128_931230_fb_a.png
360: D:\Matlab\TCC\Originais\feret_frontal/00129/00129_931230_fa.png
361: D:\Matlab\TCC\Originais\feret_frontal/00129/00129_931230_fb.png
362: D:\Matlab\TCC\Originais\feret_frontal/00130/00130_931230_fa.png
363: D:\Matlab\TCC\Originais\feret_frontal/00130/00130_931230_fb.png
364: D:\Matlab\TCC\Originais\feret_frontal/00131/00131_931230_fa.png
365: D:\Matlab\TCC\Originais\feret_frontal/00131/00131_931230_fb.png
366: D:\Matlab\TCC\Originais\feret_frontal/00132/00132_931230_fa.png
367: D:\Matlab\TCC\Originais\feret_frontal/00132/00132_931230_fb.png
368: D:\Matlab\TCC\Originais\feret_frontal/00133/00133_931230_fa.png
369: D:\Matlab\TCC\Originais\feret_frontal/00133/00133_931230_fb.png
370: D:\Matlab\TCC\Originais\feret_frontal/00134/00134_931230_fa_a.png
371: D:\Matlab\TCC\Originais\feret_frontal/00134/00134_931230_fb_a.png
372: D:\Matlab\TCC\Originais\feret_frontal/00135/00135_931230_fa_a.png
373: D:\Matlab\TCC\Originais\feret_frontal/00135/00135_931230_fb_a.png
374: D:\Matlab\TCC\Originais\feret_frontal/00136/00136_931230_fa.png
375: D:\Matlab\TCC\Originais\feret_frontal/00136/00136_931230_fb.png
376: D:\Matlab\TCC\Originais\feret_frontal/00137/00137_931230_fa_a.png
377: D:\Matlab\TCC\Originais\feret_frontal/00137/00137_931230_fb_a.png
378: D:\Matlab\TCC\Originais\feret_frontal/00138/00138_931230_fa.png
379: D:\Matlab\TCC\Originais\feret_frontal/00138/00138_931230_fb.png
380: D:\Matlab\TCC\Originais\feret_frontal/00139/00139_931230_fa.png
381: D:\Matlab\TCC\Originais\feret_frontal/00139/00139_931230_fb.png
382: D:\Matlab\TCC\Originais\feret_frontal/00140/00140_931230_fa.png
383: D:\Matlab\TCC\Originais\feret_frontal/00140/00140_931230_fb.png
384: D:\Matlab\TCC\Originais\feret_frontal/00140/00140_941121_fa.png
385: D:\Matlab\TCC\Originais\feret_frontal/00140/00140_941121_fb.png
386: D:\Matlab\TCC\Originais\feret_frontal/00141/00141_931230_fa.png
387: D:\Matlab\TCC\Originais\feret_frontal/00141/00141_931230_fb.png
388: D:\Matlab\TCC\Originais\feret_frontal/00142/00142_931230_fa.png
389: D:\Matlab\TCC\Originais\feret_frontal/00142/00142_931230_fb.png
390: D:\Matlab\TCC\Originais\feret_frontal/00143/00143_931230_fa_a.png
391: D:\Matlab\TCC\Originais\feret_frontal/00143/00143_931230_fb_a.png
392: D:\Matlab\TCC\Originais\feret_frontal/00144/00144_931230_fa.png
393: D:\Matlab\TCC\Originais\feret_frontal/00144/00144_931230_fb.png
394: D:\Matlab\TCC\Originais\feret_frontal/00145/00145_931230_fa.png
395: D:\Matlab\TCC\Originais\feret_frontal/00145/00145_931230_fb.png
396: D:\Matlab\TCC\Originais\feret_frontal/00146/00146_931230_fa_a.png
397: D:\Matlab\TCC\Originais\feret_frontal/00146/00146_931230_fb_a.png
398: D:\Matlab\TCC\Originais\feret_frontal/00146/00146_941121_fa.png
399: D:\Matlab\TCC\Originais\feret_frontal/00146/00146_941121_fb.png
400: D:\Matlab\TCC\Originais\feret_frontal/00146/00146_941201_fa.png
401: D:\Matlab\TCC\Originais\feret_frontal/00146/00146_941201_fb.png
402: D:\Matlab\TCC\Originais\feret_frontal/00146/00146_941205_fa.png
403: D:\Matlab\TCC\Originais\feret_frontal/00146/00146_960530_fa.png
404: D:\Matlab\TCC\Originais\feret_frontal/00146/00146_960530_fb.png
405: D:\Matlab\TCC\Originais\feret_frontal/00146/00146_960620_fa.png
406: D:\Matlab\TCC\Originais\feret_frontal/00146/00146_960620_fb.png
407: D:\Matlab\TCC\Originais\feret_frontal/00146/00146_960627_fa.png
408: D:\Matlab\TCC\Originais\feret_frontal/00146/00146_960627_fb.png
409: D:\Matlab\TCC\Originais\feret_frontal/00147/00147_931230_fa.png
410: D:\Matlab\TCC\Originais\feret_frontal/00147/00147_931230_fb.png
411: D:\Matlab\TCC\Originais\feret_frontal/00148/00148_931230_fa.png
412: D:\Matlab\TCC\Originais\feret_frontal/00148/00148_931230_fb.png
413: D:\Matlab\TCC\Originais\feret_frontal/00149/00149_931230_fa.png
414: D:\Matlab\TCC\Originais\feret_frontal/00149/00149_931230_fb.png
415: D:\Matlab\TCC\Originais\feret_frontal/00150/00150_931230_fa_a.png
416: D:\Matlab\TCC\Originais\feret_frontal/00150/00150_931230_fb_a.png
417: D:\Matlab\TCC\Originais\feret_frontal/00150/00150_940128_fa_a.png
418: D:\Matlab\TCC\Originais\feret_frontal/00150/00150_940128_fb_a.png
419: D:\Matlab\TCC\Originais\feret_frontal/00151/00151_931230_fa_a.png
420: D:\Matlab\TCC\Originais\feret_frontal/00151/00151_931230_fb_a.png
421: D:\Matlab\TCC\Originais\feret_frontal/00152/00152_931230_fa.png
422: D:\Matlab\TCC\Originais\feret_frontal/00152/00152_931230_fb.png
423: D:\Matlab\TCC\Originais\feret_frontal/00153/00153_931230_fa.png
424: D:\Matlab\TCC\Originais\feret_frontal/00153/00153_931230_fb.png
425: D:\Matlab\TCC\Originais\feret_frontal/00154/00154_931230_fa.png
426: D:\Matlab\TCC\Originais\feret_frontal/00154/00154_931230_fb.png
427: D:\Matlab\TCC\Originais\feret_frontal/00154/00154_940128_fa.png
428: D:\Matlab\TCC\Originais\feret_frontal/00154/00154_940128_fb.png
429: D:\Matlab\TCC\Originais\feret_frontal/00155/00155_931230_fa.png
430: D:\Matlab\TCC\Originais\feret_frontal/00155/00155_931230_fb.png
431: D:\Matlab\TCC\Originais\feret_frontal/00155/00155_940128_fa.png
432: D:\Matlab\TCC\Originais\feret_frontal/00155/00155_940128_fb.png
433: D:\Matlab\TCC\Originais\feret_frontal/00156/00156_931230_fa_a.png
434: D:\Matlab\TCC\Originais\feret_frontal/00156/00156_931230_fb_a.png
435: D:\Matlab\TCC\Originais\feret_frontal/00157/00157_931230_fa_a.png
436: D:\Matlab\TCC\Originais\feret_frontal/00157/00157_931230_fb_a.png
437: D:\Matlab\TCC\Originais\feret_frontal/00157/00157_940128_fa_a.png
438: D:\Matlab\TCC\Originais\feret_frontal/00157/00157_940128_fb_a.png
439: D:\Matlab\TCC\Originais\feret_frontal/00157/00157_940928_fa.png
440: D:\Matlab\TCC\Originais\feret_frontal/00157/00157_940928_fb.png
441: D:\Matlab\TCC\Originais\feret_frontal/00158/00158_931230_fa.png
442: D:\Matlab\TCC\Originais\feret_frontal/00158/00158_931230_fb.png
443: D:\Matlab\TCC\Originais\feret_frontal/00159/00159_931230_fa.png
444: D:\Matlab\TCC\Originais\feret_frontal/00159/00159_931230_fb.png
445: D:\Matlab\TCC\Originais\feret_frontal/00160/00160_931230_fa_a.png
446: D:\Matlab\TCC\Originais\feret_frontal/00160/00160_931230_fb_a.png
447: D:\Matlab\TCC\Originais\feret_frontal/00161/00161_931230_fa_a.png
448: D:\Matlab\TCC\Originais\feret_frontal/00161/00161_931230_fb_a.png
449: D:\Matlab\TCC\Originais\feret_frontal/00162/00162_931230_fa.png
450: D:\Matlab\TCC\Originais\feret_frontal/00162/00162_931230_fb.png
451: D:\Matlab\TCC\Originais\feret_frontal/00162/00162_940128_fa.png
452: D:\Matlab\TCC\Originais\feret_frontal/00162/00162_940128_fb.png
453: D:\Matlab\TCC\Originais\feret_frontal/00163/00163_931230_fa.png
454: D:\Matlab\TCC\Originais\feret_frontal/00163/00163_931230_fb.png
455: D:\Matlab\TCC\Originais\feret_frontal/00164/00164_931230_fa_a.png
456: D:\Matlab\TCC\Originais\feret_frontal/00164/00164_931230_fb_a.png
457: D:\Matlab\TCC\Originais\feret_frontal/00165/00165_931230_fa_a.png
458: D:\Matlab\TCC\Originais\feret_frontal/00165/00165_931230_fb_a.png
459: D:\Matlab\TCC\Originais\feret_frontal/00166/00166_931230_fa.png
460: D:\Matlab\TCC\Originais\feret_frontal/00166/00166_931230_fb.png
461: D:\Matlab\TCC\Originais\feret_frontal/00167/00167_931230_fa.png
462: D:\Matlab\TCC\Originais\feret_frontal/00167/00167_931230_fb.png
463: D:\Matlab\TCC\Originais\feret_frontal/00168/00168_931230_fa_a.png
464: D:\Matlab\TCC\Originais\feret_frontal/00168/00168_931230_fb_a.png
465: D:\Matlab\TCC\Originais\feret_frontal/00169/00169_931230_fa_a.png
466: D:\Matlab\TCC\Originais\feret_frontal/00169/00169_931230_fb_a.png
467: D:\Matlab\TCC\Originais\feret_frontal/00170/00170_931230_fa.png
468: D:\Matlab\TCC\Originais\feret_frontal/00170/00170_931230_fb.png
469: D:\Matlab\TCC\Originais\feret_frontal/00171/00171_931230_fa.png
470: D:\Matlab\TCC\Originais\feret_frontal/00171/00171_931230_fb.png
471: D:\Matlab\TCC\Originais\feret_frontal/00172/00172_931230_fa.png
472: D:\Matlab\TCC\Originais\feret_frontal/00172/00172_931230_fb.png
473: D:\Matlab\TCC\Originais\feret_frontal/00173/00173_931230_fa_a.png
474: D:\Matlab\TCC\Originais\feret_frontal/00173/00173_931230_fb_a.png
475: D:\Matlab\TCC\Originais\feret_frontal/00174/00174_931230_fa_a.png
476: D:\Matlab\TCC\Originais\feret_frontal/00174/00174_931230_fb_a.png
477: D:\Matlab\TCC\Originais\feret_frontal/00175/00175_931230_fa_a.png
478: D:\Matlab\TCC\Originais\feret_frontal/00175/00175_931230_fb_a.png
479: D:\Matlab\TCC\Originais\feret_frontal/00176/00176_931230_fa.png
480: D:\Matlab\TCC\Originais\feret_frontal/00176/00176_931230_fb.png
481: D:\Matlab\TCC\Originais\feret_frontal/00177/00177_931230_fa_a.png
482: D:\Matlab\TCC\Originais\feret_frontal/00177/00177_931230_fb_a.png
483: D:\Matlab\TCC\Originais\feret_frontal/00178/00178_931230_fa.png
484: D:\Matlab\TCC\Originais\feret_frontal/00178/00178_931230_fb.png
485: D:\Matlab\TCC\Originais\feret_frontal/00179/00179_931230_fa.png
486: D:\Matlab\TCC\Originais\feret_frontal/00179/00179_931230_fb.png
487: D:\Matlab\TCC\Originais\feret_frontal/00180/00180_931230_fa.png
488: D:\Matlab\TCC\Originais\feret_frontal/00180/00180_931230_fb.png
489: D:\Matlab\TCC\Originais\feret_frontal/00181/00181_931230_fa.png
490: D:\Matlab\TCC\Originais\feret_frontal/00181/00181_931230_fb.png
491: D:\Matlab\TCC\Originais\feret_frontal/00182/00182_931230_fa.png
492: D:\Matlab\TCC\Originais\feret_frontal/00182/00182_931230_fb.png
493: D:\Matlab\TCC\Originais\feret_frontal/00182/00182_940128_fa_a.png
494: D:\Matlab\TCC\Originais\feret_frontal/00182/00182_940128_fb_a.png
495: D:\Matlab\TCC\Originais\feret_frontal/00182/00182_940422_fa.png
496: D:\Matlab\TCC\Originais\feret_frontal/00182/00182_940422_fa_a.png
497: D:\Matlab\TCC\Originais\feret_frontal/00182/00182_940422_fb.png
498: D:\Matlab\TCC\Originais\feret_frontal/00182/00182_940422_fb_a.png
499: D:\Matlab\TCC\Originais\feret_frontal/00183/00183_940128_fa.png
500: D:\Matlab\TCC\Originais\feret_frontal/00183/00183_940128_fb.png
501: D:\Matlab\TCC\Originais\feret_frontal/00184/00184_940128_fa.png
502: D:\Matlab\TCC\Originais\feret_frontal/00184/00184_940128_fb.png
503: D:\Matlab\TCC\Originais\feret_frontal/00184/00184_940422_fa.png
504: D:\Matlab\TCC\Originais\feret_frontal/00184/00184_940422_fb.png
505: D:\Matlab\TCC\Originais\feret_frontal/00185/00185_940128_fa.png
506: D:\Matlab\TCC\Originais\feret_frontal/00185/00185_940128_fb.png
507: D:\Matlab\TCC\Originais\feret_frontal/00185/00185_940422_fa.png
508: D:\Matlab\TCC\Originais\feret_frontal/00185/00185_940422_fb.png
509: D:\Matlab\TCC\Originais\feret_frontal/00186/00186_940128_fa_a.png
510: D:\Matlab\TCC\Originais\feret_frontal/00186/00186_940128_fb_a.png
511: D:\Matlab\TCC\Originais\feret_frontal/00187/00187_940128_fa_a.png
512: D:\Matlab\TCC\Originais\feret_frontal/00187/00187_940128_fb_a.png
513: D:\Matlab\TCC\Originais\feret_frontal/00188/00188_940128_fa.png
514: D:\Matlab\TCC\Originais\feret_frontal/00188/00188_940128_fb.png
515: D:\Matlab\TCC\Originais\feret_frontal/00188/00188_940307_fa.png
516: D:\Matlab\TCC\Originais\feret_frontal/00188/00188_940307_fb.png
517: D:\Matlab\TCC\Originais\feret_frontal/00189/00189_940128_fa_a.png
518: D:\Matlab\TCC\Originais\feret_frontal/00189/00189_940128_fb_a.png
519: D:\Matlab\TCC\Originais\feret_frontal/00190/00190_940128_fa.png
520: D:\Matlab\TCC\Originais\feret_frontal/00190/00190_940128_fb.png
521: D:\Matlab\TCC\Originais\feret_frontal/00191/00191_940128_fa.png
522: D:\Matlab\TCC\Originais\feret_frontal/00191/00191_940128_fb.png
523: D:\Matlab\TCC\Originais\feret_frontal/00192/00192_940128_fa.png
524: D:\Matlab\TCC\Originais\feret_frontal/00192/00192_940128_fb.png
525: D:\Matlab\TCC\Originais\feret_frontal/00193/00193_940128_fa.png
526: D:\Matlab\TCC\Originais\feret_frontal/00193/00193_940128_fb.png
527: D:\Matlab\TCC\Originais\feret_frontal/00193/00193_940928_fa.png
528: D:\Matlab\TCC\Originais\feret_frontal/00193/00193_940928_fb.png
529: D:\Matlab\TCC\Originais\feret_frontal/00194/00194_940128_fa.png
530: D:\Matlab\TCC\Originais\feret_frontal/00194/00194_940128_fb.png
531: D:\Matlab\TCC\Originais\feret_frontal/00195/00195_940128_fa.png
532: D:\Matlab\TCC\Originais\feret_frontal/00195/00195_940128_fb.png
533: D:\Matlab\TCC\Originais\feret_frontal/00196/00196_940128_fa.png
534: D:\Matlab\TCC\Originais\feret_frontal/00196/00196_940128_fb.png
535: D:\Matlab\TCC\Originais\feret_frontal/00197/00197_940128_fa.png
536: D:\Matlab\TCC\Originais\feret_frontal/00197/00197_940128_fb.png
537: D:\Matlab\TCC\Originais\feret_frontal/00198/00198_940128_fa.png
538: D:\Matlab\TCC\Originais\feret_frontal/00198/00198_940128_fb.png
539: D:\Matlab\TCC\Originais\feret_frontal/00199/00199_940128_fa.png
540: D:\Matlab\TCC\Originais\feret_frontal/00199/00199_940128_fb.png
541: D:\Matlab\TCC\Originais\feret_frontal/00200/00200_940128_fa.png
542: D:\Matlab\TCC\Originais\feret_frontal/00200/00200_940128_fb.png
543: D:\Matlab\TCC\Originais\feret_frontal/00201/00201_940128_fa.png
544: D:\Matlab\TCC\Originais\feret_frontal/00201/00201_940128_fb.png
545: D:\Matlab\TCC\Originais\feret_frontal/00202/00202_940128_fa.png
546: D:\Matlab\TCC\Originais\feret_frontal/00202/00202_940128_fb.png
547: D:\Matlab\TCC\Originais\feret_frontal/00203/00203_940128_fa.png
548: D:\Matlab\TCC\Originais\feret_frontal/00203/00203_940128_fb.png
549: D:\Matlab\TCC\Originais\feret_frontal/00204/00204_940128_fa_a.png
550: D:\Matlab\TCC\Originais\feret_frontal/00204/00204_940128_fb_a.png
551: D:\Matlab\TCC\Originais\feret_frontal/00205/00205_940128_fa.png
552: D:\Matlab\TCC\Originais\feret_frontal/00205/00205_940128_fb.png
553: D:\Matlab\TCC\Originais\feret_frontal/00206/00206_940128_fa_a.png
554: D:\Matlab\TCC\Originais\feret_frontal/00206/00206_940128_fb_a.png
555: D:\Matlab\TCC\Originais\feret_frontal/00207/00207_940128_fa.png
556: D:\Matlab\TCC\Originais\feret_frontal/00207/00207_940128_fb.png
557: D:\Matlab\TCC\Originais\feret_frontal/00208/00208_940128_fa.png
558: D:\Matlab\TCC\Originais\feret_frontal/00208/00208_940128_fb.png
559: D:\Matlab\TCC\Originais\feret_frontal/00209/00209_940128_fa.png
560: D:\Matlab\TCC\Originais\feret_frontal/00209/00209_940128_fb.png
561: D:\Matlab\TCC\Originais\feret_frontal/00210/00210_940128_fa.png
562: D:\Matlab\TCC\Originais\feret_frontal/00210/00210_940128_fb.png
563: D:\Matlab\TCC\Originais\feret_frontal/00210/00210_940422_fa.png
564: D:\Matlab\TCC\Originais\feret_frontal/00210/00210_940422_fb.png
565: D:\Matlab\TCC\Originais\feret_frontal/00211/00211_940128_fa.png
566: D:\Matlab\TCC\Originais\feret_frontal/00211/00211_940128_fb.png
567: D:\Matlab\TCC\Originais\feret_frontal/00212/00212_940128_fa_a.png
568: D:\Matlab\TCC\Originais\feret_frontal/00212/00212_940128_fb_a.png
569: D:\Matlab\TCC\Originais\feret_frontal/00213/00213_940128_fa.png
570: D:\Matlab\TCC\Originais\feret_frontal/00213/00213_940128_fb.png
571: D:\Matlab\TCC\Originais\feret_frontal/00214/00214_940128_fa.png
572: D:\Matlab\TCC\Originais\feret_frontal/00214/00214_940128_fb.png
573: D:\Matlab\TCC\Originais\feret_frontal/00215/00215_940128_fa_a.png
574: D:\Matlab\TCC\Originais\feret_frontal/00215/00215_940128_fb_a.png
575: D:\Matlab\TCC\Originais\feret_frontal/00216/00216_940128_fa.png
576: D:\Matlab\TCC\Originais\feret_frontal/00216/00216_940128_fb.png
577: D:\Matlab\TCC\Originais\feret_frontal/00217/00217_940128_fa_a.png
578: D:\Matlab\TCC\Originais\feret_frontal/00217/00217_940128_fb_a.png
579: D:\Matlab\TCC\Originais\feret_frontal/00218/00218_940128_fa.png
580: D:\Matlab\TCC\Originais\feret_frontal/00218/00218_940128_fb.png
581: D:\Matlab\TCC\Originais\feret_frontal/00219/00219_940128_fa_a.png
582: D:\Matlab\TCC\Originais\feret_frontal/00219/00219_940128_fb_a.png
583: D:\Matlab\TCC\Originais\feret_frontal/00220/00220_940128_fa.png
584: D:\Matlab\TCC\Originais\feret_frontal/00220/00220_940128_fb.png
585: D:\Matlab\TCC\Originais\feret_frontal/00221/00221_940128_fa.png
586: D:\Matlab\TCC\Originais\feret_frontal/00221/00221_940128_fb.png
587: D:\Matlab\TCC\Originais\feret_frontal/00222/00222_940128_fa.png
588: D:\Matlab\TCC\Originais\feret_frontal/00222/00222_940128_fb.png
589: D:\Matlab\TCC\Originais\feret_frontal/00223/00223_940128_fa.png
590: D:\Matlab\TCC\Originais\feret_frontal/00223/00223_940128_fb.png
591: D:\Matlab\TCC\Originais\feret_frontal/00224/00224_940128_fa.png
592: D:\Matlab\TCC\Originais\feret_frontal/00224/00224_940128_fb.png
593: D:\Matlab\TCC\Originais\feret_frontal/00225/00225_940128_fa_a.png
594: D:\Matlab\TCC\Originais\feret_frontal/00225/00225_940128_fb_a.png
595: D:\Matlab\TCC\Originais\feret_frontal/00227/00227_940128_fa.png
596: D:\Matlab\TCC\Originais\feret_frontal/00227/00227_940128_fb.png
597: D:\Matlab\TCC\Originais\feret_frontal/00228/00228_940128_fa_a.png
598: D:\Matlab\TCC\Originais\feret_frontal/00228/00228_940128_fb_a.png
599: D:\Matlab\TCC\Originais\feret_frontal/00229/00229_940128_fa.png
600: D:\Matlab\TCC\Originais\feret_frontal/00229/00229_940128_fb.png
601: D:\Matlab\TCC\Originais\feret_frontal/00230/00230_940128_fa.png
602: D:\Matlab\TCC\Originais\feret_frontal/00230/00230_940128_fb.png
603: D:\Matlab\TCC\Originais\feret_frontal/00231/00231_940128_fa.png
604: D:\Matlab\TCC\Originais\feret_frontal/00231/00231_940128_fb.png
605: D:\Matlab\TCC\Originais\feret_frontal/00233/00233_940128_fa_a.png
606: D:\Matlab\TCC\Originais\feret_frontal/00233/00233_940128_fb_a.png
607: D:\Matlab\TCC\Originais\feret_frontal/00234/00234_940128_fa.png
608: D:\Matlab\TCC\Originais\feret_frontal/00234/00234_940128_fb.png
609: D:\Matlab\TCC\Originais\feret_frontal/00235/00235_940128_fa.png
610: D:\Matlab\TCC\Originais\feret_frontal/00235/00235_940128_fb.png
611: D:\Matlab\TCC\Originais\feret_frontal/00236/00236_940128_fa_a.png
612: D:\Matlab\TCC\Originais\feret_frontal/00236/00236_940128_fb_a.png
613: D:\Matlab\TCC\Originais\feret_frontal/00237/00237_940128_fa.png
614: D:\Matlab\TCC\Originais\feret_frontal/00237/00237_940128_fb.png
615: D:\Matlab\TCC\Originais\feret_frontal/00238/00238_940128_fa.png
616: D:\Matlab\TCC\Originais\feret_frontal/00238/00238_940128_fb.png
617: D:\Matlab\TCC\Originais\feret_frontal/00239/00239_940128_fa.png
618: D:\Matlab\TCC\Originais\feret_frontal/00239/00239_940128_fb.png
619: D:\Matlab\TCC\Originais\feret_frontal/00241/00241_940128_fa_a.png
620: D:\Matlab\TCC\Originais\feret_frontal/00241/00241_940128_fb_a.png
621: D:\Matlab\TCC\Originais\feret_frontal/00242/00242_940128_fa.png
622: D:\Matlab\TCC\Originais\feret_frontal/00242/00242_940128_fb.png
623: D:\Matlab\TCC\Originais\feret_frontal/00243/00243_940128_fa.png
624: D:\Matlab\TCC\Originais\feret_frontal/00243/00243_940128_fb.png
625: D:\Matlab\TCC\Originais\feret_frontal/00244/00244_940128_fa.png
626: D:\Matlab\TCC\Originais\feret_frontal/00244/00244_940128_fb.png
627: D:\Matlab\TCC\Originais\feret_frontal/00245/00245_940128_fa.png
628: D:\Matlab\TCC\Originais\feret_frontal/00245/00245_940128_fb.png
629: D:\Matlab\TCC\Originais\feret_frontal/00246/00246_940128_fa.png
630: D:\Matlab\TCC\Originais\feret_frontal/00246/00246_940128_fb.png
631: D:\Matlab\TCC\Originais\feret_frontal/00247/00247_940128_fa.png
632: D:\Matlab\TCC\Originais\feret_frontal/00247/00247_940128_fb.png
633: D:\Matlab\TCC\Originais\feret_frontal/00247/00247_941121_fa.png
634: D:\Matlab\TCC\Originais\feret_frontal/00247/00247_941121_fb.png
635: D:\Matlab\TCC\Originais\feret_frontal/00248/00248_940128_fa.png
636: D:\Matlab\TCC\Originais\feret_frontal/00248/00248_940128_fb.png
637: D:\Matlab\TCC\Originais\feret_frontal/00249/00249_940128_fa_a.png
638: D:\Matlab\TCC\Originais\feret_frontal/00249/00249_940128_fb_a.png
639: D:\Matlab\TCC\Originais\feret_frontal/00250/00250_940128_fa.png
640: D:\Matlab\TCC\Originais\feret_frontal/00250/00250_940128_fb.png
641: D:\Matlab\TCC\Originais\feret_frontal/00251/00251_940128_fa.png
642: D:\Matlab\TCC\Originais\feret_frontal/00251/00251_940128_fb.png
643: D:\Matlab\TCC\Originais\feret_frontal/00252/00252_940128_fa_a.png
644: D:\Matlab\TCC\Originais\feret_frontal/00252/00252_940128_fb_a.png
645: D:\Matlab\TCC\Originais\feret_frontal/00253/00253_940128_fa.png
646: D:\Matlab\TCC\Originais\feret_frontal/00253/00253_940128_fb.png
647: D:\Matlab\TCC\Originais\feret_frontal/00254/00254_940128_fa.png
648: D:\Matlab\TCC\Originais\feret_frontal/00254/00254_940128_fb.png
649: D:\Matlab\TCC\Originais\feret_frontal/00254/00254_941121_fa.png
650: D:\Matlab\TCC\Originais\feret_frontal/00254/00254_941121_fb.png
651: D:\Matlab\TCC\Originais\feret_frontal/00255/00255_940128_fa.png
652: D:\Matlab\TCC\Originais\feret_frontal/00255/00255_940128_fb.png
653: D:\Matlab\TCC\Originais\feret_frontal/00256/00256_940128_fa.png
654: D:\Matlab\TCC\Originais\feret_frontal/00256/00256_940128_fb.png
655: D:\Matlab\TCC\Originais\feret_frontal/00256/00256_940928_fa.png
656: D:\Matlab\TCC\Originais\feret_frontal/00256/00256_940928_fb.png
657: D:\Matlab\TCC\Originais\feret_frontal/00256/00256_941031_fa.png
658: D:\Matlab\TCC\Originais\feret_frontal/00256/00256_941031_fb.png
659: D:\Matlab\TCC\Originais\feret_frontal/00257/00257_940128_fa.png
660: D:\Matlab\TCC\Originais\feret_frontal/00257/00257_940128_fb.png
661: D:\Matlab\TCC\Originais\feret_frontal/00258/00258_940128_fa.png
662: D:\Matlab\TCC\Originais\feret_frontal/00258/00258_940128_fb.png
663: D:\Matlab\TCC\Originais\feret_frontal/00259/00259_940128_fa.png
664: D:\Matlab\TCC\Originais\feret_frontal/00259/00259_940128_fb.png
665: D:\Matlab\TCC\Originais\feret_frontal/00260/00260_940128_fa.png
666: D:\Matlab\TCC\Originais\feret_frontal/00260/00260_940128_fb.png
667: D:\Matlab\TCC\Originais\feret_frontal/00261/00261_940128_fa.png
668: D:\Matlab\TCC\Originais\feret_frontal/00261/00261_940128_fb.png
669: D:\Matlab\TCC\Originais\feret_frontal/00262/00262_940128_fa.png
670: D:\Matlab\TCC\Originais\feret_frontal/00262/00262_940128_fb.png
671: D:\Matlab\TCC\Originais\feret_frontal/00263/00263_940128_fa.png
672: D:\Matlab\TCC\Originais\feret_frontal/00263/00263_940128_fb.png
673: D:\Matlab\TCC\Originais\feret_frontal/00264/00264_940128_fa.png
674: D:\Matlab\TCC\Originais\feret_frontal/00264/00264_940128_fb.png
675: D:\Matlab\TCC\Originais\feret_frontal/00265/00265_940128_fa.png
676: D:\Matlab\TCC\Originais\feret_frontal/00265/00265_940128_fb.png
677: D:\Matlab\TCC\Originais\feret_frontal/00266/00266_940128_fa.png
678: D:\Matlab\TCC\Originais\feret_frontal/00266/00266_940128_fb.png
679: D:\Matlab\TCC\Originais\feret_frontal/00267/00267_940128_fa.png
680: D:\Matlab\TCC\Originais\feret_frontal/00267/00267_940128_fb.png
681: D:\Matlab\TCC\Originais\feret_frontal/00268/00268_940307_fa.png
682: D:\Matlab\TCC\Originais\feret_frontal/00268/00268_940307_fb.png
683: D:\Matlab\TCC\Originais\feret_frontal/00268/00268_940422_fa.png
684: D:\Matlab\TCC\Originais\feret_frontal/00268/00268_940422_fb.png
685: D:\Matlab\TCC\Originais\feret_frontal/00268/00268_940519_fa.png
686: D:\Matlab\TCC\Originais\feret_frontal/00268/00268_940519_fb.png
687: D:\Matlab\TCC\Originais\feret_frontal/00268/00268_960530_fa.png
688: D:\Matlab\TCC\Originais\feret_frontal/00268/00268_960530_fb.png
689: D:\Matlab\TCC\Originais\feret_frontal/00268/00268_960627_fa.png
690: D:\Matlab\TCC\Originais\feret_frontal/00268/00268_960627_fb.png
691: D:\Matlab\TCC\Originais\feret_frontal/00269/00269_940422_fa.png
692: D:\Matlab\TCC\Originais\feret_frontal/00269/00269_940422_fa_a.png
693: D:\Matlab\TCC\Originais\feret_frontal/00269/00269_940422_fb.png
694: D:\Matlab\TCC\Originais\feret_frontal/00269/00269_940422_fb_a.png
695: D:\Matlab\TCC\Originais\feret_frontal/00270/00270_940422_fa.png
696: D:\Matlab\TCC\Originais\feret_frontal/00270/00270_940422_fb.png
697: D:\Matlab\TCC\Originais\feret_frontal/00271/00271_940422_fa.png
698: D:\Matlab\TCC\Originais\feret_frontal/00271/00271_940422_fb.png
699: D:\Matlab\TCC\Originais\feret_frontal/00272/00272_940422_fa.png
700: D:\Matlab\TCC\Originais\feret_frontal/00272/00272_940422_fb.png
701: D:\Matlab\TCC\Originais\feret_frontal/00273/00273_940422_fa.png
702: D:\Matlab\TCC\Originais\feret_frontal/00273/00273_940422_fb.png
703: D:\Matlab\TCC\Originais\feret_frontal/00275/00275_940422_fa.png
704: D:\Matlab\TCC\Originais\feret_frontal/00275/00275_940422_fb.png
705: D:\Matlab\TCC\Originais\feret_frontal/00276/00276_940422_fa.png
706: D:\Matlab\TCC\Originais\feret_frontal/00276/00276_940422_fa_a.png
707: D:\Matlab\TCC\Originais\feret_frontal/00276/00276_940422_fb.png
708: D:\Matlab\TCC\Originais\feret_frontal/00276/00276_940422_fb_a.png
709: D:\Matlab\TCC\Originais\feret_frontal/00278/00278_940422_fa.png
710: D:\Matlab\TCC\Originais\feret_frontal/00278/00278_940422_fb.png
711: D:\Matlab\TCC\Originais\feret_frontal/00279/00279_940422_fa.png
712: D:\Matlab\TCC\Originais\feret_frontal/00279/00279_940422_fb.png
713: D:\Matlab\TCC\Originais\feret_frontal/00280/00280_940422_fa.png
714: D:\Matlab\TCC\Originais\feret_frontal/00280/00280_940422_fb.png
715: D:\Matlab\TCC\Originais\feret_frontal/00281/00281_940422_fa.png
716: D:\Matlab\TCC\Originais\feret_frontal/00281/00281_940422_fb.png
717: D:\Matlab\TCC\Originais\feret_frontal/00282/00282_940422_fa.png
718: D:\Matlab\TCC\Originais\feret_frontal/00282/00282_940422_fb.png
719: D:\Matlab\TCC\Originais\feret_frontal/00283/00283_940307_fa.png
720: D:\Matlab\TCC\Originais\feret_frontal/00283/00283_940307_fa_a.png
721: D:\Matlab\TCC\Originais\feret_frontal/00283/00283_940307_fb.png
722: D:\Matlab\TCC\Originais\feret_frontal/00283/00283_940307_fb_a.png
723: D:\Matlab\TCC\Originais\feret_frontal/00283/00283_940422_fa.png
724: D:\Matlab\TCC\Originais\feret_frontal/00283/00283_940422_fa_a.png
725: D:\Matlab\TCC\Originais\feret_frontal/00283/00283_940422_fb.png
726: D:\Matlab\TCC\Originais\feret_frontal/00283/00283_940422_fb_a.png
727: D:\Matlab\TCC\Originais\feret_frontal/00284/00284_940422_fa.png
728: D:\Matlab\TCC\Originais\feret_frontal/00284/00284_940422_fb.png
729: D:\Matlab\TCC\Originais\feret_frontal/00285/00285_940422_fa.png
730: D:\Matlab\TCC\Originais\feret_frontal/00285/00285_940422_fb.png
731: D:\Matlab\TCC\Originais\feret_frontal/00286/00286_940422_fa.png
732: D:\Matlab\TCC\Originais\feret_frontal/00286/00286_940422_fa_a.png
733: D:\Matlab\TCC\Originais\feret_frontal/00286/00286_940422_fb.png
734: D:\Matlab\TCC\Originais\feret_frontal/00286/00286_940422_fb_a.png
735: D:\Matlab\TCC\Originais\feret_frontal/00287/00287_940422_fa.png
736: D:\Matlab\TCC\Originais\feret_frontal/00287/00287_940422_fa_a.png
737: D:\Matlab\TCC\Originais\feret_frontal/00287/00287_940422_fb.png
738: D:\Matlab\TCC\Originais\feret_frontal/00287/00287_940422_fb_a.png
739: D:\Matlab\TCC\Originais\feret_frontal/00288/00288_940422_fa.png
740: D:\Matlab\TCC\Originais\feret_frontal/00288/00288_940422_fb.png
741: D:\Matlab\TCC\Originais\feret_frontal/00289/00289_940422_fa.png
742: D:\Matlab\TCC\Originais\feret_frontal/00289/00289_940422_fa_a.png
743: D:\Matlab\TCC\Originais\feret_frontal/00289/00289_940422_fb.png
744: D:\Matlab\TCC\Originais\feret_frontal/00289/00289_940422_fb_a.png
745: D:\Matlab\TCC\Originais\feret_frontal/00290/00290_940422_fa.png
746: D:\Matlab\TCC\Originais\feret_frontal/00290/00290_940422_fb.png
747: D:\Matlab\TCC\Originais\feret_frontal/00291/00291_940422_fa.png
748: D:\Matlab\TCC\Originais\feret_frontal/00291/00291_940422_fb.png
749: D:\Matlab\TCC\Originais\feret_frontal/00292/00292_940422_fa.png
750: D:\Matlab\TCC\Originais\feret_frontal/00292/00292_940422_fa_a.png
751: D:\Matlab\TCC\Originais\feret_frontal/00292/00292_940422_fb.png
752: D:\Matlab\TCC\Originais\feret_frontal/00292/00292_940422_fb_a.png
753: D:\Matlab\TCC\Originais\feret_frontal/00293/00293_940422_fa.png
754: D:\Matlab\TCC\Originais\feret_frontal/00293/00293_940422_fb.png
755: D:\Matlab\TCC\Originais\feret_frontal/00294/00294_940422_fa.png
756: D:\Matlab\TCC\Originais\feret_frontal/00294/00294_940422_fa_a.png
757: D:\Matlab\TCC\Originais\feret_frontal/00294/00294_940422_fb.png
758: D:\Matlab\TCC\Originais\feret_frontal/00294/00294_940422_fb_a.png
759: D:\Matlab\TCC\Originais\feret_frontal/00295/00295_940422_fa.png
760: D:\Matlab\TCC\Originais\feret_frontal/00295/00295_940422_fa_a.png
761: D:\Matlab\TCC\Originais\feret_frontal/00295/00295_940422_fb.png
762: D:\Matlab\TCC\Originais\feret_frontal/00295/00295_940422_fb_a.png
763: D:\Matlab\TCC\Originais\feret_frontal/00296/00296_940422_fa.png
764: D:\Matlab\TCC\Originais\feret_frontal/00296/00296_940422_fb.png
765: D:\Matlab\TCC\Originais\feret_frontal/00297/00297_940422_fa.png
766: D:\Matlab\TCC\Originais\feret_frontal/00297/00297_940422_fb.png
767: D:\Matlab\TCC\Originais\feret_frontal/00298/00298_940422_fa.png
768: D:\Matlab\TCC\Originais\feret_frontal/00298/00298_940422_fa_a.png
769: D:\Matlab\TCC\Originais\feret_frontal/00298/00298_940422_fb.png
770: D:\Matlab\TCC\Originais\feret_frontal/00298/00298_940422_fb_a.png
771: D:\Matlab\TCC\Originais\feret_frontal/00299/00299_940422_fa.png
772: D:\Matlab\TCC\Originais\feret_frontal/00299/00299_940422_fb.png
773: D:\Matlab\TCC\Originais\feret_frontal/00300/00300_940422_fa.png
774: D:\Matlab\TCC\Originais\feret_frontal/00300/00300_940422_fb.png
775: D:\Matlab\TCC\Originais\feret_frontal/00301/00301_940422_fa.png
776: D:\Matlab\TCC\Originais\feret_frontal/00301/00301_940422_fb.png
777: D:\Matlab\TCC\Originais\feret_frontal/00302/00302_940422_fa.png
778: D:\Matlab\TCC\Originais\feret_frontal/00302/00302_940422_fb.png
779: D:\Matlab\TCC\Originais\feret_frontal/00303/00303_940422_fa.png
780: D:\Matlab\TCC\Originais\feret_frontal/00303/00303_940422_fb.png
781: D:\Matlab\TCC\Originais\feret_frontal/00304/00304_940422_fa.png
782: D:\Matlab\TCC\Originais\feret_frontal/00304/00304_940422_fb.png
783: D:\Matlab\TCC\Originais\feret_frontal/00305/00305_940422_fa.png
784: D:\Matlab\TCC\Originais\feret_frontal/00305/00305_940422_fb.png
785: D:\Matlab\TCC\Originais\feret_frontal/00306/00306_940422_fa.png
786: D:\Matlab\TCC\Originais\feret_frontal/00306/00306_940422_fb.png
787: D:\Matlab\TCC\Originais\feret_frontal/00307/00307_940422_fa.png
788: D:\Matlab\TCC\Originais\feret_frontal/00307/00307_940422_fb.png
789: D:\Matlab\TCC\Originais\feret_frontal/00308/00308_940422_fa.png
790: D:\Matlab\TCC\Originais\feret_frontal/00308/00308_940422_fb.png
791: D:\Matlab\TCC\Originais\feret_frontal/00309/00309_940422_fa.png
792: D:\Matlab\TCC\Originais\feret_frontal/00309/00309_940422_fb.png
793: D:\Matlab\TCC\Originais\feret_frontal/00310/00310_940422_fa.png
794: D:\Matlab\TCC\Originais\feret_frontal/00310/00310_940422_fb.png
795: D:\Matlab\TCC\Originais\feret_frontal/00311/00311_940422_fa.png
796: D:\Matlab\TCC\Originais\feret_frontal/00311/00311_940422_fb.png
797: D:\Matlab\TCC\Originais\feret_frontal/00312/00312_940422_fa.png
798: D:\Matlab\TCC\Originais\feret_frontal/00312/00312_940422_fb.png
799: D:\Matlab\TCC\Originais\feret_frontal/00313/00313_940422_fa.png
800: D:\Matlab\TCC\Originais\feret_frontal/00313/00313_940422_fb.png
801: D:\Matlab\TCC\Originais\feret_frontal/00314/00314_940422_fa.png
802: D:\Matlab\TCC\Originais\feret_frontal/00314/00314_940422_fb.png
803: D:\Matlab\TCC\Originais\feret_frontal/00315/00315_940422_fa.png
804: D:\Matlab\TCC\Originais\feret_frontal/00315/00315_940422_fb.png
805: D:\Matlab\TCC\Originais\feret_frontal/00316/00316_940422_fa.png
806: D:\Matlab\TCC\Originais\feret_frontal/00316/00316_940422_fb.png
807: D:\Matlab\TCC\Originais\feret_frontal/00317/00317_940422_fa.png
808: D:\Matlab\TCC\Originais\feret_frontal/00317/00317_940422_fb.png
809: D:\Matlab\TCC\Originais\feret_frontal/00318/00318_940422_fa.png
810: D:\Matlab\TCC\Originais\feret_frontal/00318/00318_940422_fb.png
811: D:\Matlab\TCC\Originais\feret_frontal/00319/00319_940422_fa.png
812: D:\Matlab\TCC\Originais\feret_frontal/00319/00319_940422_fb.png
813: D:\Matlab\TCC\Originais\feret_frontal/00320/00320_940422_fa.png
814: D:\Matlab\TCC\Originais\feret_frontal/00320/00320_940422_fb.png
815: D:\Matlab\TCC\Originais\feret_frontal/00321/00321_940422_fa.png
816: D:\Matlab\TCC\Originais\feret_frontal/00321/00321_940422_fb.png
817: D:\Matlab\TCC\Originais\feret_frontal/00322/00322_940422_fa.png
818: D:\Matlab\TCC\Originais\feret_frontal/00322/00322_940422_fb.png
819: D:\Matlab\TCC\Originais\feret_frontal/00323/00323_940422_fa.png
820: D:\Matlab\TCC\Originais\feret_frontal/00323/00323_940422_fb.png
821: D:\Matlab\TCC\Originais\feret_frontal/00324/00324_940422_fa.png
822: D:\Matlab\TCC\Originais\feret_frontal/00324/00324_940422_fb.png
823: D:\Matlab\TCC\Originais\feret_frontal/00325/00325_940422_fa.png
824: D:\Matlab\TCC\Originais\feret_frontal/00325/00325_940422_fa_a.png
825: D:\Matlab\TCC\Originais\feret_frontal/00325/00325_940422_fb.png
826: D:\Matlab\TCC\Originais\feret_frontal/00325/00325_940422_fb_a.png
827: D:\Matlab\TCC\Originais\feret_frontal/00326/00326_940422_fa.png
828: D:\Matlab\TCC\Originais\feret_frontal/00326/00326_940422_fa_a.png
829: D:\Matlab\TCC\Originais\feret_frontal/00326/00326_940422_fb.png
830: D:\Matlab\TCC\Originais\feret_frontal/00326/00326_940422_fb_a.png
831: D:\Matlab\TCC\Originais\feret_frontal/00327/00327_940422_fa.png
832: D:\Matlab\TCC\Originais\feret_frontal/00327/00327_940422_fb.png
833: D:\Matlab\TCC\Originais\feret_frontal/00328/00328_940422_fa.png
834: D:\Matlab\TCC\Originais\feret_frontal/00328/00328_940422_fb.png
835: D:\Matlab\TCC\Originais\feret_frontal/00329/00329_940422_fa.png
836: D:\Matlab\TCC\Originais\feret_frontal/00329/00329_940422_fb.png
837: D:\Matlab\TCC\Originais\feret_frontal/00330/00330_940422_fa.png
838: D:\Matlab\TCC\Originais\feret_frontal/00330/00330_940422_fb.png
839: D:\Matlab\TCC\Originais\feret_frontal/00331/00331_940422_fa.png
840: D:\Matlab\TCC\Originais\feret_frontal/00331/00331_940422_fb.png
841: D:\Matlab\TCC\Originais\feret_frontal/00332/00332_940422_fa.png
842: D:\Matlab\TCC\Originais\feret_frontal/00332/00332_940422_fb.png
843: D:\Matlab\TCC\Originais\feret_frontal/00333/00333_940422_fa.png
844: D:\Matlab\TCC\Originais\feret_frontal/00333/00333_940422_fb.png
845: D:\Matlab\TCC\Originais\feret_frontal/00334/00334_940422_fa.png
846: D:\Matlab\TCC\Originais\feret_frontal/00334/00334_940422_fb.png
847: D:\Matlab\TCC\Originais\feret_frontal/00335/00335_940422_fa.png
848: D:\Matlab\TCC\Originais\feret_frontal/00335/00335_940422_fa_a.png
849: D:\Matlab\TCC\Originais\feret_frontal/00335/00335_940422_fb.png
850: D:\Matlab\TCC\Originais\feret_frontal/00335/00335_940422_fb_a.png
851: D:\Matlab\TCC\Originais\feret_frontal/00336/00336_940422_fa.png
852: D:\Matlab\TCC\Originais\feret_frontal/00336/00336_940422_fb.png
853: D:\Matlab\TCC\Originais\feret_frontal/00337/00337_940422_fa.png
854: D:\Matlab\TCC\Originais\feret_frontal/00337/00337_940422_fb.png
855: D:\Matlab\TCC\Originais\feret_frontal/00338/00338_940422_fa.png
856: D:\Matlab\TCC\Originais\feret_frontal/00338/00338_940422_fa_a.png
857: D:\Matlab\TCC\Originais\feret_frontal/00338/00338_940422_fb.png
858: D:\Matlab\TCC\Originais\feret_frontal/00338/00338_940422_fb_a.png
859: D:\Matlab\TCC\Originais\feret_frontal/00339/00339_940422_fa.png
860: D:\Matlab\TCC\Originais\feret_frontal/00339/00339_940422_fa_a.png
861: D:\Matlab\TCC\Originais\feret_frontal/00339/00339_940422_fb.png
862: D:\Matlab\TCC\Originais\feret_frontal/00339/00339_940422_fb_a.png
863: D:\Matlab\TCC\Originais\feret_frontal/00340/00340_940422_fa.png
864: D:\Matlab\TCC\Originais\feret_frontal/00340/00340_940422_fa_a.png
865: D:\Matlab\TCC\Originais\feret_frontal/00340/00340_940422_fb.png
866: D:\Matlab\TCC\Originais\feret_frontal/00340/00340_940422_fb_a.png
867: D:\Matlab\TCC\Originais\feret_frontal/00341/00341_940422_fa.png
868: D:\Matlab\TCC\Originais\feret_frontal/00341/00341_940422_fb.png
869: D:\Matlab\TCC\Originais\feret_frontal/00342/00342_940422_fa.png
870: D:\Matlab\TCC\Originais\feret_frontal/00342/00342_940422_fb.png
871: D:\Matlab\TCC\Originais\feret_frontal/00343/00343_940422_fa.png
872: D:\Matlab\TCC\Originais\feret_frontal/00343/00343_940422_fa_a.png
873: D:\Matlab\TCC\Originais\feret_frontal/00343/00343_940422_fb.png
874: D:\Matlab\TCC\Originais\feret_frontal/00343/00343_940422_fb_a.png
875: D:\Matlab\TCC\Originais\feret_frontal/00344/00344_940422_fa.png
876: D:\Matlab\TCC\Originais\feret_frontal/00344/00344_940422_fb.png
877: D:\Matlab\TCC\Originais\feret_frontal/00345/00345_940422_fa.png
878: D:\Matlab\TCC\Originais\feret_frontal/00345/00345_940422_fb.png
879: D:\Matlab\TCC\Originais\feret_frontal/00346/00346_940422_fa.png
880: D:\Matlab\TCC\Originais\feret_frontal/00346/00346_940422_fb.png
881: D:\Matlab\TCC\Originais\feret_frontal/00347/00347_940422_fa.png
882: D:\Matlab\TCC\Originais\feret_frontal/00347/00347_940422_fb.png
883: D:\Matlab\TCC\Originais\feret_frontal/00348/00348_940422_fa.png
884: D:\Matlab\TCC\Originais\feret_frontal/00348/00348_940422_fb.png
885: D:\Matlab\TCC\Originais\feret_frontal/00349/00349_940422_fa.png
886: D:\Matlab\TCC\Originais\feret_frontal/00349/00349_940422_fb.png
887: D:\Matlab\TCC\Originais\feret_frontal/00350/00350_940422_fa.png
888: D:\Matlab\TCC\Originais\feret_frontal/00350/00350_940422_fb.png
889: D:\Matlab\TCC\Originais\feret_frontal/00351/00351_940422_fa.png
890: D:\Matlab\TCC\Originais\feret_frontal/00351/00351_940422_fb.png
891: D:\Matlab\TCC\Originais\feret_frontal/00352/00352_940422_fa.png
892: D:\Matlab\TCC\Originais\feret_frontal/00352/00352_940422_fb.png
893: D:\Matlab\TCC\Originais\feret_frontal/00353/00353_940422_fa.png
894: D:\Matlab\TCC\Originais\feret_frontal/00353/00353_940422_fb.png
895: D:\Matlab\TCC\Originais\feret_frontal/00354/00354_940422_fa.png
896: D:\Matlab\TCC\Originais\feret_frontal/00354/00354_940422_fb.png
897: D:\Matlab\TCC\Originais\feret_frontal/00355/00355_940422_fa.png
898: D:\Matlab\TCC\Originais\feret_frontal/00355/00355_940422_fb.png
899: D:\Matlab\TCC\Originais\feret_frontal/00356/00356_940422_fa.png
900: D:\Matlab\TCC\Originais\feret_frontal/00356/00356_940422_fb.png
901: D:\Matlab\TCC\Originais\feret_frontal/00357/00357_940422_fa.png
902: D:\Matlab\TCC\Originais\feret_frontal/00357/00357_940422_fb.png
903: D:\Matlab\TCC\Originais\feret_frontal/00358/00358_940422_fa.png
904: D:\Matlab\TCC\Originais\feret_frontal/00358/00358_940422_fb.png
905: D:\Matlab\TCC\Originais\feret_frontal/00359/00359_940422_fa.png
906: D:\Matlab\TCC\Originais\feret_frontal/00359/00359_940422_fb.png
907: D:\Matlab\TCC\Originais\feret_frontal/00360/00360_940422_fa.png
908: D:\Matlab\TCC\Originais\feret_frontal/00360/00360_940422_fb.png
909: D:\Matlab\TCC\Originais\feret_frontal/00361/00361_940422_fa.png
910: D:\Matlab\TCC\Originais\feret_frontal/00361/00361_940422_fb.png
911: D:\Matlab\TCC\Originais\feret_frontal/00362/00362_940422_fa.png
912: D:\Matlab\TCC\Originais\feret_frontal/00362/00362_940422_fb.png
913: D:\Matlab\TCC\Originais\feret_frontal/00363/00363_940422_fa.png
914: D:\Matlab\TCC\Originais\feret_frontal/00363/00363_940422_fb.png
915: D:\Matlab\TCC\Originais\feret_frontal/00364/00364_940422_fa.png
916: D:\Matlab\TCC\Originais\feret_frontal/00364/00364_940422_fb.png
917: D:\Matlab\TCC\Originais\feret_frontal/00365/00365_940422_fa.png
918: D:\Matlab\TCC\Originais\feret_frontal/00365/00365_940422_fb.png
919: D:\Matlab\TCC\Originais\feret_frontal/00366/00366_940422_fa.png
920: D:\Matlab\TCC\Originais\feret_frontal/00366/00366_940422_fb.png
921: D:\Matlab\TCC\Originais\feret_frontal/00367/00367_940422_fa.png
922: D:\Matlab\TCC\Originais\feret_frontal/00367/00367_940422_fb.png
923: D:\Matlab\TCC\Originais\feret_frontal/00368/00368_940422_fa_a.png
924: D:\Matlab\TCC\Originais\feret_frontal/00368/00368_940422_fb_a.png
925: D:\Matlab\TCC\Originais\feret_frontal/00369/00369_940422_fa.png
926: D:\Matlab\TCC\Originais\feret_frontal/00369/00369_940422_fb.png
927: D:\Matlab\TCC\Originais\feret_frontal/00370/00370_940422_fa.png
928: D:\Matlab\TCC\Originais\feret_frontal/00370/00370_940422_fb.png
929: D:\Matlab\TCC\Originais\feret_frontal/00371/00371_940422_fa.png
930: D:\Matlab\TCC\Originais\feret_frontal/00371/00371_940422_fa_a.png
931: D:\Matlab\TCC\Originais\feret_frontal/00371/00371_940422_fb.png
932: D:\Matlab\TCC\Originais\feret_frontal/00371/00371_940422_fb_a.png
933: D:\Matlab\TCC\Originais\feret_frontal/00373/00373_940422_fa.png
934: D:\Matlab\TCC\Originais\feret_frontal/00373/00373_940422_fb.png
935: D:\Matlab\TCC\Originais\feret_frontal/00374/00374_940422_fa.png
936: D:\Matlab\TCC\Originais\feret_frontal/00374/00374_940422_fb.png
937: D:\Matlab\TCC\Originais\feret_frontal/00375/00375_940422_fa.png
938: D:\Matlab\TCC\Originais\feret_frontal/00375/00375_940422_fb.png
939: D:\Matlab\TCC\Originais\feret_frontal/00376/00376_940422_fa.png
940: D:\Matlab\TCC\Originais\feret_frontal/00376/00376_940422_fb.png
941: D:\Matlab\TCC\Originais\feret_frontal/00377/00377_940422_fa.png
942: D:\Matlab\TCC\Originais\feret_frontal/00377/00377_940422_fb.png
943: D:\Matlab\TCC\Originais\feret_frontal/00378/00378_940422_fa.png
944: D:\Matlab\TCC\Originais\feret_frontal/00378/00378_940422_fb.png
945: D:\Matlab\TCC\Originais\feret_frontal/00379/00379_940422_fa.png
946: D:\Matlab\TCC\Originais\feret_frontal/00379/00379_940422_fb.png
947: D:\Matlab\TCC\Originais\feret_frontal/00380/00380_940422_fa.png
948: D:\Matlab\TCC\Originais\feret_frontal/00380/00380_940422_fb.png
949: D:\Matlab\TCC\Originais\feret_frontal/00381/00381_940422_fa.png
950: D:\Matlab\TCC\Originais\feret_frontal/00381/00381_940422_fb.png
951: D:\Matlab\TCC\Originais\feret_frontal/00383/00383_940422_fa.png
952: D:\Matlab\TCC\Originais\feret_frontal/00383/00383_940422_fa_a.png
953: D:\Matlab\TCC\Originais\feret_frontal/00383/00383_940422_fb.png
954: D:\Matlab\TCC\Originais\feret_frontal/00383/00383_940422_fb_a.png
955: D:\Matlab\TCC\Originais\feret_frontal/00383/00383_940928_fa.png
956: D:\Matlab\TCC\Originais\feret_frontal/00383/00383_940928_fb.png
957: D:\Matlab\TCC\Originais\feret_frontal/00383/00383_941031_fa.png
958: D:\Matlab\TCC\Originais\feret_frontal/00383/00383_941031_fb.png
959: D:\Matlab\TCC\Originais\feret_frontal/00384/00384_940422_fa.png
960: D:\Matlab\TCC\Originais\feret_frontal/00384/00384_940422_fb.png
961: D:\Matlab\TCC\Originais\feret_frontal/00385/00385_940422_fa.png
962: D:\Matlab\TCC\Originais\feret_frontal/00385/00385_940422_fb.png
963: D:\Matlab\TCC\Originais\feret_frontal/00386/00386_940422_fa.png
964: D:\Matlab\TCC\Originais\feret_frontal/00386/00386_940422_fb.png
965: D:\Matlab\TCC\Originais\feret_frontal/00387/00387_940422_fa.png
966: D:\Matlab\TCC\Originais\feret_frontal/00387/00387_940422_fa_a.png
967: D:\Matlab\TCC\Originais\feret_frontal/00387/00387_940422_fb.png
968: D:\Matlab\TCC\Originais\feret_frontal/00387/00387_940422_fb_a.png
969: D:\Matlab\TCC\Originais\feret_frontal/00388/00388_940422_fa.png
970: D:\Matlab\TCC\Originais\feret_frontal/00388/00388_940422_fb.png
971: D:\Matlab\TCC\Originais\feret_frontal/00389/00389_940422_fa.png
972: D:\Matlab\TCC\Originais\feret_frontal/00389/00389_940422_fb.png
973: D:\Matlab\TCC\Originais\feret_frontal/00390/00390_940422_fa.png
974: D:\Matlab\TCC\Originais\feret_frontal/00390/00390_940422_fb.png
975: D:\Matlab\TCC\Originais\feret_frontal/00391/00391_940422_fa.png
976: D:\Matlab\TCC\Originais\feret_frontal/00391/00391_940422_fb.png
977: D:\Matlab\TCC\Originais\feret_frontal/00392/00392_940422_fa.png
978: D:\Matlab\TCC\Originais\feret_frontal/00392/00392_940422_fa_a.png
979: D:\Matlab\TCC\Originais\feret_frontal/00392/00392_940422_fb.png
980: D:\Matlab\TCC\Originais\feret_frontal/00392/00392_940422_fb_a.png
981: D:\Matlab\TCC\Originais\feret_frontal/00393/00393_940422_fa.png
982: D:\Matlab\TCC\Originais\feret_frontal/00393/00393_940422_fa_a.png
983: D:\Matlab\TCC\Originais\feret_frontal/00393/00393_940422_fb.png
984: D:\Matlab\TCC\Originais\feret_frontal/00393/00393_940422_fb_a.png
985: D:\Matlab\TCC\Originais\feret_frontal/00394/00394_940422_fa.png
986: D:\Matlab\TCC\Originais\feret_frontal/00394/00394_940422_fb.png
987: D:\Matlab\TCC\Originais\feret_frontal/00395/00395_940422_fa.png
988: D:\Matlab\TCC\Originais\feret_frontal/00395/00395_940422_fb.png
989: D:\Matlab\TCC\Originais\feret_frontal/00396/00396_940422_fa.png
990: D:\Matlab\TCC\Originais\feret_frontal/00396/00396_940422_fb.png
991: D:\Matlab\TCC\Originais\feret_frontal/00397/00397_940422_fa.png
992: D:\Matlab\TCC\Originais\feret_frontal/00397/00397_940422_fb.png
993: D:\Matlab\TCC\Originais\feret_frontal/00398/00398_940422_fa.png
994: D:\Matlab\TCC\Originais\feret_frontal/00398/00398_940422_fb.png
995: D:\Matlab\TCC\Originais\feret_frontal/00399/00399_940422_fa.png
996: D:\Matlab\TCC\Originais\feret_frontal/00399/00399_940422_fb.png
997: D:\Matlab\TCC\Originais\feret_frontal/00400/00400_940422_fa.png
998: D:\Matlab\TCC\Originais\feret_frontal/00400/00400_940422_fb.png
999: D:\Matlab\TCC\Originais\feret_frontal/00401/00401_940422_fa.png
1000: D:\Matlab\TCC\Originais\feret_frontal/00401/00401_940422_fb.png
1001: D:\Matlab\TCC\Originais\feret_frontal/00402/00402_940422_fa.png
1002: D:\Matlab\TCC\Originais\feret_frontal/00402/00402_940422_fb.png
1003: D:\Matlab\TCC\Originais\feret_frontal/00403/00403_940422_fa.png
1004: D:\Matlab\TCC\Originais\feret_frontal/00403/00403_940422_fb.png
1005: D:\Matlab\TCC\Originais\feret_frontal/00404/00404_940422_fa.png
1006: D:\Matlab\TCC\Originais\feret_frontal/00404/00404_940422_fb.png
1007: D:\Matlab\TCC\Originais\feret_frontal/00405/00405_940422_fa.png
1008: D:\Matlab\TCC\Originais\feret_frontal/00405/00405_940422_fb.png
1009: D:\Matlab\TCC\Originais\feret_frontal/00406/00406_940422_fa.png
1010: D:\Matlab\TCC\Originais\feret_frontal/00406/00406_940422_fb.png
1011: D:\Matlab\TCC\Originais\feret_frontal/00407/00407_940422_fa.png
1012: D:\Matlab\TCC\Originais\feret_frontal/00407/00407_940422_fb.png
1013: D:\Matlab\TCC\Originais\feret_frontal/00408/00408_940422_fa.png
1014: D:\Matlab\TCC\Originais\feret_frontal/00408/00408_940422_fb.png
1015: D:\Matlab\TCC\Originais\feret_frontal/00409/00409_940422_fa.png
1016: D:\Matlab\TCC\Originais\feret_frontal/00409/00409_940422_fb.png
1017: D:\Matlab\TCC\Originais\feret_frontal/00410/00410_940422_fa.png
1018: D:\Matlab\TCC\Originais\feret_frontal/00410/00410_940422_fb.png
1019: D:\Matlab\TCC\Originais\feret_frontal/00411/00411_940422_fa.png
1020: D:\Matlab\TCC\Originais\feret_frontal/00411/00411_940422_fb.png
1021: D:\Matlab\TCC\Originais\feret_frontal/00412/00412_940422_fa.png
1022: D:\Matlab\TCC\Originais\feret_frontal/00412/00412_940422_fb.png
1023: D:\Matlab\TCC\Originais\feret_frontal/00413/00413_940422_fa.png
1024: D:\Matlab\TCC\Originais\feret_frontal/00413/00413_940422_fb.png
1025: D:\Matlab\TCC\Originais\feret_frontal/00414/00414_940422_fa.png
1026: D:\Matlab\TCC\Originais\feret_frontal/00414/00414_940422_fa_a.png
1027: D:\Matlab\TCC\Originais\feret_frontal/00414/00414_940422_fb.png
1028: D:\Matlab\TCC\Originais\feret_frontal/00414/00414_940422_fb_a.png
1029: D:\Matlab\TCC\Originais\feret_frontal/00415/00415_940422_fa.png
1030: D:\Matlab\TCC\Originais\feret_frontal/00415/00415_940422_fa_a.png
1031: D:\Matlab\TCC\Originais\feret_frontal/00415/00415_940422_fb.png
1032: D:\Matlab\TCC\Originais\feret_frontal/00415/00415_940422_fb_a.png
1033: D:\Matlab\TCC\Originais\feret_frontal/00416/00416_940422_fa.png
1034: D:\Matlab\TCC\Originais\feret_frontal/00416/00416_940422_fb.png
1035: D:\Matlab\TCC\Originais\feret_frontal/00417/00417_940422_fa.png
1036: D:\Matlab\TCC\Originais\feret_frontal/00417/00417_940422_fb.png
1037: D:\Matlab\TCC\Originais\feret_frontal/00418/00418_940422_fa.png
1038: D:\Matlab\TCC\Originais\feret_frontal/00418/00418_940422_fb.png
1039: D:\Matlab\TCC\Originais\feret_frontal/00419/00419_940422_fa.png
1040: D:\Matlab\TCC\Originais\feret_frontal/00419/00419_940422_fb.png
1041: D:\Matlab\TCC\Originais\feret_frontal/00420/00420_940422_fa.png
1042: D:\Matlab\TCC\Originais\feret_frontal/00420/00420_940422_fb.png
1043: D:\Matlab\TCC\Originais\feret_frontal/00421/00421_940422_fa.png
1044: D:\Matlab\TCC\Originais\feret_frontal/00421/00421_940422_fb.png
1045: D:\Matlab\TCC\Originais\feret_frontal/00422/00422_940422_fa.png
1046: D:\Matlab\TCC\Originais\feret_frontal/00422/00422_940422_fb.png
1047: D:\Matlab\TCC\Originais\feret_frontal/00423/00423_940422_fa.png
1048: D:\Matlab\TCC\Originais\feret_frontal/00423/00423_940422_fb.png
1049: D:\Matlab\TCC\Originais\feret_frontal/00424/00424_940422_fa.png
1050: D:\Matlab\TCC\Originais\feret_frontal/00424/00424_940422_fb.png
1051: D:\Matlab\TCC\Originais\feret_frontal/00425/00425_940422_fa.png
1052: D:\Matlab\TCC\Originais\feret_frontal/00425/00425_940422_fb.png
1053: D:\Matlab\TCC\Originais\feret_frontal/00426/00426_940422_fa.png
1054: D:\Matlab\TCC\Originais\feret_frontal/00426/00426_940422_fb.png
1055: D:\Matlab\TCC\Originais\feret_frontal/00427/00427_940422_fa.png
1056: D:\Matlab\TCC\Originais\feret_frontal/00427/00427_940422_fb.png
1057: D:\Matlab\TCC\Originais\feret_frontal/00428/00428_940422_fa.png
1058: D:\Matlab\TCC\Originais\feret_frontal/00428/00428_940422_fb.png
1059: D:\Matlab\TCC\Originais\feret_frontal/00429/00429_940422_fa.png
1060: D:\Matlab\TCC\Originais\feret_frontal/00429/00429_940422_fa_a.png
1061: D:\Matlab\TCC\Originais\feret_frontal/00429/00429_940422_fb.png
1062: D:\Matlab\TCC\Originais\feret_frontal/00429/00429_940422_fb_a.png
1063: D:\Matlab\TCC\Originais\feret_frontal/00430/00430_940422_fa.png
1064: D:\Matlab\TCC\Originais\feret_frontal/00430/00430_940422_fb.png
1065: D:\Matlab\TCC\Originais\feret_frontal/00431/00431_940422_fa.png
1066: D:\Matlab\TCC\Originais\feret_frontal/00431/00431_940422_fa_a.png
1067: D:\Matlab\TCC\Originais\feret_frontal/00431/00431_940422_fb.png
1068: D:\Matlab\TCC\Originais\feret_frontal/00431/00431_940422_fb_a.png
1069: D:\Matlab\TCC\Originais\feret_frontal/00432/00432_940422_fa.png
1070: D:\Matlab\TCC\Originais\feret_frontal/00432/00432_940422_fb.png
1071: D:\Matlab\TCC\Originais\feret_frontal/00433/00433_940422_fa.png
1072: D:\Matlab\TCC\Originais\feret_frontal/00433/00433_940422_fb.png
1073: D:\Matlab\TCC\Originais\feret_frontal/00434/00434_940422_fa.png
1074: D:\Matlab\TCC\Originais\feret_frontal/00434/00434_940422_fb.png
1075: D:\Matlab\TCC\Originais\feret_frontal/00435/00435_940422_fa.png
1076: D:\Matlab\TCC\Originais\feret_frontal/00435/00435_940422_fb.png
1077: D:\Matlab\TCC\Originais\feret_frontal/00436/00436_940422_fa.png
1078: D:\Matlab\TCC\Originais\feret_frontal/00436/00436_940422_fb.png
1079: D:\Matlab\TCC\Originais\feret_frontal/00437/00437_940422_fa.png
1080: D:\Matlab\TCC\Originais\feret_frontal/00437/00437_940422_fb.png
1081: D:\Matlab\TCC\Originais\feret_frontal/00438/00438_940422_fa.png
1082: D:\Matlab\TCC\Originais\feret_frontal/00438/00438_940422_fb.png
1083: D:\Matlab\TCC\Originais\feret_frontal/00439/00439_940422_fa.png
1084: D:\Matlab\TCC\Originais\feret_frontal/00439/00439_940422_fb.png
1085: D:\Matlab\TCC\Originais\feret_frontal/00440/00440_940422_fa.png
1086: D:\Matlab\TCC\Originais\feret_frontal/00440/00440_940422_fb.png
1087: D:\Matlab\TCC\Originais\feret_frontal/00441/00441_940422_fa.png
1088: D:\Matlab\TCC\Originais\feret_frontal/00441/00441_940422_fb.png
1089: D:\Matlab\TCC\Originais\feret_frontal/00442/00442_940422_fa.png
1090: D:\Matlab\TCC\Originais\feret_frontal/00442/00442_940422_fb.png
1091: D:\Matlab\TCC\Originais\feret_frontal/00443/00443_940422_fa.png
1092: D:\Matlab\TCC\Originais\feret_frontal/00443/00443_940422_fb.png
1093: D:\Matlab\TCC\Originais\feret_frontal/00444/00444_940422_fa.png
1094: D:\Matlab\TCC\Originais\feret_frontal/00444/00444_940422_fb.png
1095: D:\Matlab\TCC\Originais\feret_frontal/00445/00445_940422_fa.png
1096: D:\Matlab\TCC\Originais\feret_frontal/00445/00445_940422_fb.png
1097: D:\Matlab\TCC\Originais\feret_frontal/00446/00446_940422_fa.png
1098: D:\Matlab\TCC\Originais\feret_frontal/00446/00446_940422_fb.png
1099: D:\Matlab\TCC\Originais\feret_frontal/00447/00447_940422_fa.png
1100: D:\Matlab\TCC\Originais\feret_frontal/00447/00447_940422_fb.png
1101: D:\Matlab\TCC\Originais\feret_frontal/00448/00448_940422_fa.png
1102: D:\Matlab\TCC\Originais\feret_frontal/00448/00448_940422_fb.png
1103: D:\Matlab\TCC\Originais\feret_frontal/00449/00449_940422_fa.png
1104: D:\Matlab\TCC\Originais\feret_frontal/00449/00449_940422_fb.png
1105: D:\Matlab\TCC\Originais\feret_frontal/00450/00450_940422_fa.png
1106: D:\Matlab\TCC\Originais\feret_frontal/00450/00450_940422_fb.png
1107: D:\Matlab\TCC\Originais\feret_frontal/00451/00451_940422_fa.png
1108: D:\Matlab\TCC\Originais\feret_frontal/00451/00451_940422_fb.png
1109: D:\Matlab\TCC\Originais\feret_frontal/00452/00452_940422_fa.png
1110: D:\Matlab\TCC\Originais\feret_frontal/00452/00452_940422_fb.png
1111: D:\Matlab\TCC\Originais\feret_frontal/00453/00453_940422_fa.png
1112: D:\Matlab\TCC\Originais\feret_frontal/00453/00453_940422_fa_a.png
1113: D:\Matlab\TCC\Originais\feret_frontal/00453/00453_940422_fb.png
1114: D:\Matlab\TCC\Originais\feret_frontal/00453/00453_940422_fb_a.png
1115: D:\Matlab\TCC\Originais\feret_frontal/00454/00454_940422_fa.png
1116: D:\Matlab\TCC\Originais\feret_frontal/00454/00454_940422_fb.png
1117: D:\Matlab\TCC\Originais\feret_frontal/00455/00455_940422_fa.png
1118: D:\Matlab\TCC\Originais\feret_frontal/00455/00455_940422_fb.png
1119: D:\Matlab\TCC\Originais\feret_frontal/00456/00456_940422_fa.png
1120: D:\Matlab\TCC\Originais\feret_frontal/00456/00456_940422_fb.png
1121: D:\Matlab\TCC\Originais\feret_frontal/00457/00457_940422_fa.png
1122: D:\Matlab\TCC\Originais\feret_frontal/00457/00457_940422_fb.png
1123: D:\Matlab\TCC\Originais\feret_frontal/00458/00458_940422_fa.png
1124: D:\Matlab\TCC\Originais\feret_frontal/00458/00458_940422_fb.png
1125: D:\Matlab\TCC\Originais\feret_frontal/00459/00459_940422_fa.png
1126: D:\Matlab\TCC\Originais\feret_frontal/00459/00459_940422_fb.png
1127: D:\Matlab\TCC\Originais\feret_frontal/00460/00460_940422_fa.png
1128: D:\Matlab\TCC\Originais\feret_frontal/00460/00460_940422_fb.png
1129: D:\Matlab\TCC\Originais\feret_frontal/00461/00461_940422_fa.png
1130: D:\Matlab\TCC\Originais\feret_frontal/00461/00461_940422_fa_a.png
1131: D:\Matlab\TCC\Originais\feret_frontal/00461/00461_940422_fb.png
1132: D:\Matlab\TCC\Originais\feret_frontal/00461/00461_940422_fb_a.png
1133: D:\Matlab\TCC\Originais\feret_frontal/00462/00462_940422_fa.png
1134: D:\Matlab\TCC\Originais\feret_frontal/00462/00462_940422_fa_a.png
1135: D:\Matlab\TCC\Originais\feret_frontal/00462/00462_940422_fb.png
1136: D:\Matlab\TCC\Originais\feret_frontal/00462/00462_940422_fb_a.png
1137: D:\Matlab\TCC\Originais\feret_frontal/00465/00465_940519_fa.png
1138: D:\Matlab\TCC\Originais\feret_frontal/00465/00465_940519_fa_a.png
1139: D:\Matlab\TCC\Originais\feret_frontal/00465/00465_940519_fb.png
1140: D:\Matlab\TCC\Originais\feret_frontal/00465/00465_940519_fb_a.png
1141: D:\Matlab\TCC\Originais\feret_frontal/00465/00465_960627_fa.png
1142: D:\Matlab\TCC\Originais\feret_frontal/00465/00465_960627_fb.png
1143: D:\Matlab\TCC\Originais\feret_frontal/00466/00466_940519_fa.png
1144: D:\Matlab\TCC\Originais\feret_frontal/00466/00466_940519_fb.png
1145: D:\Matlab\TCC\Originais\feret_frontal/00467/00467_940519_fa.png
1146: D:\Matlab\TCC\Originais\feret_frontal/00467/00467_940519_fb.png
1147: D:\Matlab\TCC\Originais\feret_frontal/00468/00468_940519_fa.png
1148: D:\Matlab\TCC\Originais\feret_frontal/00468/00468_940519_fb.png
1149: D:\Matlab\TCC\Originais\feret_frontal/00468/00468_941201_fa.png
1150: D:\Matlab\TCC\Originais\feret_frontal/00468/00468_941201_fb.png
1151: D:\Matlab\TCC\Originais\feret_frontal/00468/00468_960530_fa.png
1152: D:\Matlab\TCC\Originais\feret_frontal/00468/00468_960530_fb.png
1153: D:\Matlab\TCC\Originais\feret_frontal/00468/00468_960620_fa.png
1154: D:\Matlab\TCC\Originais\feret_frontal/00468/00468_960620_fb.png
1155: D:\Matlab\TCC\Originais\feret_frontal/00469/00469_940519_fa.png
1156: D:\Matlab\TCC\Originais\feret_frontal/00469/00469_940519_fb.png
1157: D:\Matlab\TCC\Originais\feret_frontal/00469/00469_941201_fa.png
1158: D:\Matlab\TCC\Originais\feret_frontal/00469/00469_941201_fb.png
1159: D:\Matlab\TCC\Originais\feret_frontal/00469/00469_960530_fa.png
1160: D:\Matlab\TCC\Originais\feret_frontal/00469/00469_960530_fb.png
1161: D:\Matlab\TCC\Originais\feret_frontal/00469/00469_960620_fa.png
1162: D:\Matlab\TCC\Originais\feret_frontal/00469/00469_960620_fb.png
1163: D:\Matlab\TCC\Originais\feret_frontal/00470/00470_940519_fa.png
1164: D:\Matlab\TCC\Originais\feret_frontal/00470/00470_940519_fb.png
1165: D:\Matlab\TCC\Originais\feret_frontal/00470/00470_941201_fa.png
1166: D:\Matlab\TCC\Originais\feret_frontal/00470/00470_941201_fb.png
1167: D:\Matlab\TCC\Originais\feret_frontal/00471/00471_940519_fa.png
1168: D:\Matlab\TCC\Originais\feret_frontal/00471/00471_940519_fb.png
1169: D:\Matlab\TCC\Originais\feret_frontal/00472/00472_940519_fa.png
1170: D:\Matlab\TCC\Originais\feret_frontal/00472/00472_940519_fa_a.png
1171: D:\Matlab\TCC\Originais\feret_frontal/00472/00472_940519_fb.png
1172: D:\Matlab\TCC\Originais\feret_frontal/00472/00472_940519_fb_a.png
1173: D:\Matlab\TCC\Originais\feret_frontal/00472/00472_960627_fa.png
1174: D:\Matlab\TCC\Originais\feret_frontal/00472/00472_960627_fb.png
1175: D:\Matlab\TCC\Originais\feret_frontal/00473/00473_940519_fa.png
1176: D:\Matlab\TCC\Originais\feret_frontal/00473/00473_940519_fb.png
1177: D:\Matlab\TCC\Originais\feret_frontal/00473/00473_960627_fa.png
1178: D:\Matlab\TCC\Originais\feret_frontal/00473/00473_960627_fb.png
1179: D:\Matlab\TCC\Originais\feret_frontal/00474/00474_940519_fa.png
1180: D:\Matlab\TCC\Originais\feret_frontal/00474/00474_940519_fb.png
1181: D:\Matlab\TCC\Originais\feret_frontal/00474/00474_960627_fa.png
1182: D:\Matlab\TCC\Originais\feret_frontal/00474/00474_960627_fb.png
1183: D:\Matlab\TCC\Originais\feret_frontal/00475/00475_940519_fa.png
1184: D:\Matlab\TCC\Originais\feret_frontal/00475/00475_940519_fa_a.png
1185: D:\Matlab\TCC\Originais\feret_frontal/00475/00475_940519_fb.png
1186: D:\Matlab\TCC\Originais\feret_frontal/00475/00475_940519_fb_a.png
1187: D:\Matlab\TCC\Originais\feret_frontal/00476/00476_940519_fa.png
1188: D:\Matlab\TCC\Originais\feret_frontal/00476/00476_940519_fa_a.png
1189: D:\Matlab\TCC\Originais\feret_frontal/00476/00476_940519_fb.png
1190: D:\Matlab\TCC\Originais\feret_frontal/00476/00476_940519_fb_a.png
1191: D:\Matlab\TCC\Originais\feret_frontal/00477/00477_940519_fa.png
1192: D:\Matlab\TCC\Originais\feret_frontal/00477/00477_940519_fa_a.png
1193: D:\Matlab\TCC\Originais\feret_frontal/00477/00477_940519_fb.png
1194: D:\Matlab\TCC\Originais\feret_frontal/00477/00477_940519_fb_a.png
1195: D:\Matlab\TCC\Originais\feret_frontal/00478/00478_940519_fa.png
1196: D:\Matlab\TCC\Originais\feret_frontal/00478/00478_940519_fb.png
1197: D:\Matlab\TCC\Originais\feret_frontal/00479/00479_940519_fa.png
1198: D:\Matlab\TCC\Originais\feret_frontal/00479/00479_940519_fb.png
1199: D:\Matlab\TCC\Originais\feret_frontal/00480/00480_940519_fa.png
1200: D:\Matlab\TCC\Originais\feret_frontal/00480/00480_940519_fb.png
1201: D:\Matlab\TCC\Originais\feret_frontal/00481/00481_940519_fa.png
1202: D:\Matlab\TCC\Originais\feret_frontal/00481/00481_940519_fa_a.png
1203: D:\Matlab\TCC\Originais\feret_frontal/00481/00481_940519_fb.png
1204: D:\Matlab\TCC\Originais\feret_frontal/00481/00481_940519_fb_a.png
1205: D:\Matlab\TCC\Originais\feret_frontal/00482/00482_940519_fa.png
1206: D:\Matlab\TCC\Originais\feret_frontal/00482/00482_940519_fb.png
1207: D:\Matlab\TCC\Originais\feret_frontal/00483/00483_940519_fa.png
1208: D:\Matlab\TCC\Originais\feret_frontal/00483/00483_940519_fb.png
1209: D:\Matlab\TCC\Originais\feret_frontal/00484/00484_940519_fa.png
1210: D:\Matlab\TCC\Originais\feret_frontal/00484/00484_940519_fb.png
1211: D:\Matlab\TCC\Originais\feret_frontal/00485/00485_940519_fa.png
1212: D:\Matlab\TCC\Originais\feret_frontal/00485/00485_940519_fa_a.png
1213: D:\Matlab\TCC\Originais\feret_frontal/00485/00485_940519_fb.png
1214: D:\Matlab\TCC\Originais\feret_frontal/00485/00485_940519_fb_a.png
1215: D:\Matlab\TCC\Originais\feret_frontal/00486/00486_940519_fa.png
1216: D:\Matlab\TCC\Originais\feret_frontal/00486/00486_940519_fa_a.png
1217: D:\Matlab\TCC\Originais\feret_frontal/00486/00486_940519_fb.png
1218: D:\Matlab\TCC\Originais\feret_frontal/00486/00486_940519_fb_a.png
1219: D:\Matlab\TCC\Originais\feret_frontal/00487/00487_940519_fa.png
1220: D:\Matlab\TCC\Originais\feret_frontal/00487/00487_940519_fb.png
1221: D:\Matlab\TCC\Originais\feret_frontal/00488/00488_940519_fa.png
1222: D:\Matlab\TCC\Originais\feret_frontal/00488/00488_940519_fa_a.png
1223: D:\Matlab\TCC\Originais\feret_frontal/00488/00488_940519_fb.png
1224: D:\Matlab\TCC\Originais\feret_frontal/00488/00488_940519_fb_a.png
1225: D:\Matlab\TCC\Originais\feret_frontal/00489/00489_940519_fa.png
1226: D:\Matlab\TCC\Originais\feret_frontal/00489/00489_940519_fb.png
1227: D:\Matlab\TCC\Originais\feret_frontal/00490/00490_940519_fa.png
1228: D:\Matlab\TCC\Originais\feret_frontal/00490/00490_940519_fb.png
1229: D:\Matlab\TCC\Originais\feret_frontal/00491/00491_940519_fa.png
1230: D:\Matlab\TCC\Originais\feret_frontal/00491/00491_940519_fb.png
1231: D:\Matlab\TCC\Originais\feret_frontal/00491/00491_960627_fa.png
1232: D:\Matlab\TCC\Originais\feret_frontal/00491/00491_960627_fb.png
1233: D:\Matlab\TCC\Originais\feret_frontal/00492/00492_940519_fa.png
1234: D:\Matlab\TCC\Originais\feret_frontal/00492/00492_940519_fa_a.png
1235: D:\Matlab\TCC\Originais\feret_frontal/00492/00492_940519_fb.png
1236: D:\Matlab\TCC\Originais\feret_frontal/00492/00492_940519_fb_a.png
1237: D:\Matlab\TCC\Originais\feret_frontal/00493/00493_940519_fa.png
1238: D:\Matlab\TCC\Originais\feret_frontal/00493/00493_940519_fb.png
1239: D:\Matlab\TCC\Originais\feret_frontal/00494/00494_940519_fa.png
1240: D:\Matlab\TCC\Originais\feret_frontal/00494/00494_940519_fb.png
1241: D:\Matlab\TCC\Originais\feret_frontal/00495/00495_940519_fa.png
1242: D:\Matlab\TCC\Originais\feret_frontal/00495/00495_940519_fa_a.png
1243: D:\Matlab\TCC\Originais\feret_frontal/00495/00495_940519_fb.png
1244: D:\Matlab\TCC\Originais\feret_frontal/00495/00495_940519_fb_a.png
1245: D:\Matlab\TCC\Originais\feret_frontal/00496/00496_940519_fa.png
1246: D:\Matlab\TCC\Originais\feret_frontal/00496/00496_940519_fb.png
1247: D:\Matlab\TCC\Originais\feret_frontal/00497/00497_940519_fa.png
1248: D:\Matlab\TCC\Originais\feret_frontal/00497/00497_940519_fa_a.png
1249: D:\Matlab\TCC\Originais\feret_frontal/00497/00497_940519_fb.png
1250: D:\Matlab\TCC\Originais\feret_frontal/00497/00497_940519_fb_a.png
1251: D:\Matlab\TCC\Originais\feret_frontal/00498/00498_940519_fa.png
1252: D:\Matlab\TCC\Originais\feret_frontal/00498/00498_940519_fb.png
1253: D:\Matlab\TCC\Originais\feret_frontal/00498/00498_960627_fa.png
1254: D:\Matlab\TCC\Originais\feret_frontal/00498/00498_960627_fb.png
1255: D:\Matlab\TCC\Originais\feret_frontal/00499/00499_940519_fa.png
1256: D:\Matlab\TCC\Originais\feret_frontal/00499/00499_940519_fb.png
1257: D:\Matlab\TCC\Originais\feret_frontal/00500/00500_940519_fa.png
1258: D:\Matlab\TCC\Originais\feret_frontal/00500/00500_940519_fb.png
1259: D:\Matlab\TCC\Originais\feret_frontal/00500/00500_960627_fa.png
1260: D:\Matlab\TCC\Originais\feret_frontal/00500/00500_960627_fb.png
1261: D:\Matlab\TCC\Originais\feret_frontal/00501/00501_940519_fa.png
1262: D:\Matlab\TCC\Originais\feret_frontal/00501/00501_940519_fb.png
1263: D:\Matlab\TCC\Originais\feret_frontal/00501/00501_960627_fa.png
1264: D:\Matlab\TCC\Originais\feret_frontal/00501/00501_960627_fb.png
1265: D:\Matlab\TCC\Originais\feret_frontal/00502/00502_940519_fa.png
1266: D:\Matlab\TCC\Originais\feret_frontal/00502/00502_940519_fa_a.png
1267: D:\Matlab\TCC\Originais\feret_frontal/00502/00502_940519_fb.png
1268: D:\Matlab\TCC\Originais\feret_frontal/00502/00502_940519_fb_a.png
1269: D:\Matlab\TCC\Originais\feret_frontal/00503/00503_940519_fa.png
1270: D:\Matlab\TCC\Originais\feret_frontal/00503/00503_940519_fa_a.png
1271: D:\Matlab\TCC\Originais\feret_frontal/00503/00503_940519_fb.png
1272: D:\Matlab\TCC\Originais\feret_frontal/00503/00503_940519_fb_a.png
1273: D:\Matlab\TCC\Originais\feret_frontal/00504/00504_940519_fa.png
1274: D:\Matlab\TCC\Originais\feret_frontal/00504/00504_940519_fb.png
1275: D:\Matlab\TCC\Originais\feret_frontal/00505/00505_940519_fa.png
1276: D:\Matlab\TCC\Originais\feret_frontal/00505/00505_940519_fb.png
1277: D:\Matlab\TCC\Originais\feret_frontal/00505/00505_960627_fa.png
1278: D:\Matlab\TCC\Originais\feret_frontal/00505/00505_960627_fb.png
1279: D:\Matlab\TCC\Originais\feret_frontal/00506/00506_940519_fa.png
1280: D:\Matlab\TCC\Originais\feret_frontal/00506/00506_940519_fa_a.png
1281: D:\Matlab\TCC\Originais\feret_frontal/00506/00506_940519_fb.png
1282: D:\Matlab\TCC\Originais\feret_frontal/00506/00506_940519_fb_a.png
1283: D:\Matlab\TCC\Originais\feret_frontal/00507/00507_940519_fa.png
1284: D:\Matlab\TCC\Originais\feret_frontal/00507/00507_940519_fa_a.png
1285: D:\Matlab\TCC\Originais\feret_frontal/00507/00507_940519_fb.png
1286: D:\Matlab\TCC\Originais\feret_frontal/00507/00507_940519_fb_a.png
1287: D:\Matlab\TCC\Originais\feret_frontal/00508/00508_940519_fa.png
1288: D:\Matlab\TCC\Originais\feret_frontal/00508/00508_940519_fa_a.png
1289: D:\Matlab\TCC\Originais\feret_frontal/00508/00508_940519_fb.png
1290: D:\Matlab\TCC\Originais\feret_frontal/00508/00508_940519_fb_a.png
1291: D:\Matlab\TCC\Originais\feret_frontal/00508/00508_960627_fa.png
1292: D:\Matlab\TCC\Originais\feret_frontal/00508/00508_960627_fb.png
1293: D:\Matlab\TCC\Originais\feret_frontal/00509/00509_940519_fa.png
1294: D:\Matlab\TCC\Originais\feret_frontal/00509/00509_940519_fa_a.png
1295: D:\Matlab\TCC\Originais\feret_frontal/00509/00509_940519_fb.png
1296: D:\Matlab\TCC\Originais\feret_frontal/00509/00509_940519_fb_a.png
1297: D:\Matlab\TCC\Originais\feret_frontal/00510/00510_940519_fa.png
1298: D:\Matlab\TCC\Originais\feret_frontal/00510/00510_940519_fb.png
1299: D:\Matlab\TCC\Originais\feret_frontal/00511/00511_940519_fa.png
1300: D:\Matlab\TCC\Originais\feret_frontal/00511/00511_940519_fb.png
1301: D:\Matlab\TCC\Originais\feret_frontal/00512/00512_940519_fa.png
1302: D:\Matlab\TCC\Originais\feret_frontal/00512/00512_940519_fa_a.png
1303: D:\Matlab\TCC\Originais\feret_frontal/00512/00512_940519_fb.png
1304: D:\Matlab\TCC\Originais\feret_frontal/00512/00512_940519_fb_a.png
1305: D:\Matlab\TCC\Originais\feret_frontal/00513/00513_940519_fa.png
1306: D:\Matlab\TCC\Originais\feret_frontal/00513/00513_940519_fa_a.png
1307: D:\Matlab\TCC\Originais\feret_frontal/00513/00513_940519_fb.png
1308: D:\Matlab\TCC\Originais\feret_frontal/00513/00513_940519_fb_a.png
1309: D:\Matlab\TCC\Originais\feret_frontal/00514/00514_940519_fa.png
1310: D:\Matlab\TCC\Originais\feret_frontal/00514/00514_940519_fa_a.png
1311: D:\Matlab\TCC\Originais\feret_frontal/00514/00514_940519_fb.png
1312: D:\Matlab\TCC\Originais\feret_frontal/00514/00514_940519_fb_a.png
1313: D:\Matlab\TCC\Originais\feret_frontal/00515/00515_940519_fa.png
1314: D:\Matlab\TCC\Originais\feret_frontal/00515/00515_940519_fb.png
1315: D:\Matlab\TCC\Originais\feret_frontal/00516/00516_940519_fa.png
1316: D:\Matlab\TCC\Originais\feret_frontal/00516/00516_940519_fa_a.png
1317: D:\Matlab\TCC\Originais\feret_frontal/00516/00516_940519_fb.png
1318: D:\Matlab\TCC\Originais\feret_frontal/00516/00516_940519_fb_a.png
1319: D:\Matlab\TCC\Originais\feret_frontal/00517/00517_940519_fa.png
1320: D:\Matlab\TCC\Originais\feret_frontal/00517/00517_940519_fa_a.png
1321: D:\Matlab\TCC\Originais\feret_frontal/00517/00517_940519_fb.png
1322: D:\Matlab\TCC\Originais\feret_frontal/00517/00517_940519_fb_a.png
1323: D:\Matlab\TCC\Originais\feret_frontal/00518/00518_940519_fa.png
1324: D:\Matlab\TCC\Originais\feret_frontal/00518/00518_940519_fb.png
1325: D:\Matlab\TCC\Originais\feret_frontal/00519/00519_940519_fa.png
1326: D:\Matlab\TCC\Originais\feret_frontal/00519/00519_940519_fa_a.png
1327: D:\Matlab\TCC\Originais\feret_frontal/00519/00519_940519_fb.png
1328: D:\Matlab\TCC\Originais\feret_frontal/00519/00519_940519_fb_a.png
1329: D:\Matlab\TCC\Originais\feret_frontal/00519/00519_960627_fa.png
1330: D:\Matlab\TCC\Originais\feret_frontal/00519/00519_960627_fb.png
1331: D:\Matlab\TCC\Originais\feret_frontal/00520/00520_940519_fa.png
1332: D:\Matlab\TCC\Originais\feret_frontal/00520/00520_940519_fa_a.png
1333: D:\Matlab\TCC\Originais\feret_frontal/00520/00520_940519_fb.png
1334: D:\Matlab\TCC\Originais\feret_frontal/00520/00520_940519_fb_a.png
1335: D:\Matlab\TCC\Originais\feret_frontal/00521/00521_940519_fa.png
1336: D:\Matlab\TCC\Originais\feret_frontal/00521/00521_940519_fa_a.png
1337: D:\Matlab\TCC\Originais\feret_frontal/00521/00521_940519_fb.png
1338: D:\Matlab\TCC\Originais\feret_frontal/00521/00521_940519_fb_a.png
1339: D:\Matlab\TCC\Originais\feret_frontal/00522/00522_940519_fa.png
1340: D:\Matlab\TCC\Originais\feret_frontal/00522/00522_940519_fa_a.png
1341: D:\Matlab\TCC\Originais\feret_frontal/00522/00522_940519_fb.png
1342: D:\Matlab\TCC\Originais\feret_frontal/00522/00522_940519_fb_a.png
1343: D:\Matlab\TCC\Originais\feret_frontal/00522/00522_960627_fa.png
1344: D:\Matlab\TCC\Originais\feret_frontal/00522/00522_960627_fb.png
1345: D:\Matlab\TCC\Originais\feret_frontal/00523/00523_940519_fa.png
1346: D:\Matlab\TCC\Originais\feret_frontal/00523/00523_940519_fa_a.png
1347: D:\Matlab\TCC\Originais\feret_frontal/00523/00523_940519_fb.png
1348: D:\Matlab\TCC\Originais\feret_frontal/00523/00523_940519_fb_a.png
1349: D:\Matlab\TCC\Originais\feret_frontal/00524/00524_940519_fa.png
1350: D:\Matlab\TCC\Originais\feret_frontal/00524/00524_940519_fa_a.png
1351: D:\Matlab\TCC\Originais\feret_frontal/00524/00524_940519_fb.png
1352: D:\Matlab\TCC\Originais\feret_frontal/00524/00524_940519_fb_a.png
1353: D:\Matlab\TCC\Originais\feret_frontal/00525/00525_940519_fa.png
1354: D:\Matlab\TCC\Originais\feret_frontal/00525/00525_940519_fb.png
1355: D:\Matlab\TCC\Originais\feret_frontal/00526/00526_940519_fa.png
1356: D:\Matlab\TCC\Originais\feret_frontal/00526/00526_940519_fb.png
1357: D:\Matlab\TCC\Originais\feret_frontal/00527/00527_940519_fa.png
1358: D:\Matlab\TCC\Originais\feret_frontal/00527/00527_940519_fb.png
1359: D:\Matlab\TCC\Originais\feret_frontal/00528/00528_940519_fa.png
1360: D:\Matlab\TCC\Originais\feret_frontal/00528/00528_940519_fb.png
1361: D:\Matlab\TCC\Originais\feret_frontal/00529/00529_940519_fa.png
1362: D:\Matlab\TCC\Originais\feret_frontal/00529/00529_940519_fb.png
1363: D:\Matlab\TCC\Originais\feret_frontal/00530/00530_940519_fa.png
1364: D:\Matlab\TCC\Originais\feret_frontal/00530/00530_940519_fb.png
1365: D:\Matlab\TCC\Originais\feret_frontal/00531/00531_940519_fa.png
1366: D:\Matlab\TCC\Originais\feret_frontal/00531/00531_940519_fa_a.png
1367: D:\Matlab\TCC\Originais\feret_frontal/00531/00531_940519_fb.png
1368: D:\Matlab\TCC\Originais\feret_frontal/00531/00531_940519_fb_a.png
1369: D:\Matlab\TCC\Originais\feret_frontal/00531/00531_960627_fa.png
1370: D:\Matlab\TCC\Originais\feret_frontal/00531/00531_960627_fb.png
1371: D:\Matlab\TCC\Originais\feret_frontal/00532/00532_940519_fa.png
1372: D:\Matlab\TCC\Originais\feret_frontal/00532/00532_940519_fb.png
1373: D:\Matlab\TCC\Originais\feret_frontal/00532/00532_960627_fa.png
1374: D:\Matlab\TCC\Originais\feret_frontal/00532/00532_960627_fb.png
1375: D:\Matlab\TCC\Originais\feret_frontal/00533/00533_940519_fa.png
1376: D:\Matlab\TCC\Originais\feret_frontal/00533/00533_940519_fa_a.png
1377: D:\Matlab\TCC\Originais\feret_frontal/00533/00533_940519_fb.png
1378: D:\Matlab\TCC\Originais\feret_frontal/00533/00533_940519_fb_a.png
1379: D:\Matlab\TCC\Originais\feret_frontal/00533/00533_960627_fa.png
1380: D:\Matlab\TCC\Originais\feret_frontal/00533/00533_960627_fb.png
1381: D:\Matlab\TCC\Originais\feret_frontal/00534/00534_940519_fa.png
1382: D:\Matlab\TCC\Originais\feret_frontal/00534/00534_940519_fa_a.png
1383: D:\Matlab\TCC\Originais\feret_frontal/00534/00534_940519_fb.png
1384: D:\Matlab\TCC\Originais\feret_frontal/00534/00534_940519_fb_a.png
1385: D:\Matlab\TCC\Originais\feret_frontal/00535/00535_940519_fa.png
1386: D:\Matlab\TCC\Originais\feret_frontal/00535/00535_940519_fa_a.png
1387: D:\Matlab\TCC\Originais\feret_frontal/00535/00535_940519_fb_a.png
1388: D:\Matlab\TCC\Originais\feret_frontal/00536/00536_940519_fa.png
1389: D:\Matlab\TCC\Originais\feret_frontal/00536/00536_940519_fb.png
1390: D:\Matlab\TCC\Originais\feret_frontal/00537/00537_940519_fa.png
1391: D:\Matlab\TCC\Originais\feret_frontal/00537/00537_940519_fa_a.png
1392: D:\Matlab\TCC\Originais\feret_frontal/00537/00537_940519_fa_b.png
1393: D:\Matlab\TCC\Originais\feret_frontal/00537/00537_940519_fb.png
1394: D:\Matlab\TCC\Originais\feret_frontal/00537/00537_940519_fb_a.png
1395: D:\Matlab\TCC\Originais\feret_frontal/00537/00537_940519_fb_b.png
1396: D:\Matlab\TCC\Originais\feret_frontal/00538/00538_940519_fa.png
1397: D:\Matlab\TCC\Originais\feret_frontal/00538/00538_940519_fa_a.png
1398: D:\Matlab\TCC\Originais\feret_frontal/00538/00538_940519_fb.png
1399: D:\Matlab\TCC\Originais\feret_frontal/00538/00538_940519_fb_a.png
1400: D:\Matlab\TCC\Originais\feret_frontal/00539/00539_940519_fa.png
1401: D:\Matlab\TCC\Originais\feret_frontal/00539/00539_940519_fb.png
1402: D:\Matlab\TCC\Originais\feret_frontal/00540/00540_940519_fa.png
1403: D:\Matlab\TCC\Originais\feret_frontal/00540/00540_940519_fb.png
1404: D:\Matlab\TCC\Originais\feret_frontal/00541/00541_940519_fa.png
1405: D:\Matlab\TCC\Originais\feret_frontal/00541/00541_940519_fb.png
1406: D:\Matlab\TCC\Originais\feret_frontal/00542/00542_940519_fa.png
1407: D:\Matlab\TCC\Originais\feret_frontal/00542/00542_940519_fb.png
1408: D:\Matlab\TCC\Originais\feret_frontal/00543/00543_940519_fa.png
1409: D:\Matlab\TCC\Originais\feret_frontal/00543/00543_940519_fb.png
1410: D:\Matlab\TCC\Originais\feret_frontal/00543/00543_960627_fa.png
1411: D:\Matlab\TCC\Originais\feret_frontal/00543/00543_960627_fb.png
1412: D:\Matlab\TCC\Originais\feret_frontal/00544/00544_940519_fa.png
1413: D:\Matlab\TCC\Originais\feret_frontal/00544/00544_940519_fa_a.png
1414: D:\Matlab\TCC\Originais\feret_frontal/00544/00544_940519_fb.png
1415: D:\Matlab\TCC\Originais\feret_frontal/00544/00544_940519_fb_a.png
1416: D:\Matlab\TCC\Originais\feret_frontal/00545/00545_940519_fa.png
1417: D:\Matlab\TCC\Originais\feret_frontal/00545/00545_940519_fa_a.png
1418: D:\Matlab\TCC\Originais\feret_frontal/00545/00545_940519_fb.png
1419: D:\Matlab\TCC\Originais\feret_frontal/00545/00545_940519_fb_a.png
1420: D:\Matlab\TCC\Originais\feret_frontal/00546/00546_940519_fa.png
1421: D:\Matlab\TCC\Originais\feret_frontal/00546/00546_940519_fa_a.png
1422: D:\Matlab\TCC\Originais\feret_frontal/00546/00546_940519_fb.png
1423: D:\Matlab\TCC\Originais\feret_frontal/00546/00546_940519_fb_a.png
1424: D:\Matlab\TCC\Originais\feret_frontal/00547/00547_940519_fa.png
1425: D:\Matlab\TCC\Originais\feret_frontal/00547/00547_940519_fa_a.png
1426: D:\Matlab\TCC\Originais\feret_frontal/00547/00547_940519_fa_b.png
1427: D:\Matlab\TCC\Originais\feret_frontal/00547/00547_940519_fa_c.png
1428: D:\Matlab\TCC\Originais\feret_frontal/00547/00547_940519_fb.png
1429: D:\Matlab\TCC\Originais\feret_frontal/00547/00547_940519_fb_a.png
1430: D:\Matlab\TCC\Originais\feret_frontal/00547/00547_940519_fb_b.png
1431: D:\Matlab\TCC\Originais\feret_frontal/00547/00547_940519_fb_c.png
1432: D:\Matlab\TCC\Originais\feret_frontal/00548/00548_940519_fa.png
1433: D:\Matlab\TCC\Originais\feret_frontal/00548/00548_940519_fa_a.png
1434: D:\Matlab\TCC\Originais\feret_frontal/00548/00548_940519_fb.png
1435: D:\Matlab\TCC\Originais\feret_frontal/00548/00548_940519_fb_a.png
1436: D:\Matlab\TCC\Originais\feret_frontal/00549/00549_940519_fa.png
1437: D:\Matlab\TCC\Originais\feret_frontal/00549/00549_940519_fa_a.png
1438: D:\Matlab\TCC\Originais\feret_frontal/00549/00549_940519_fb.png
1439: D:\Matlab\TCC\Originais\feret_frontal/00549/00549_940519_fb_a.png
1440: D:\Matlab\TCC\Originais\feret_frontal/00550/00550_940519_fa.png
1441: D:\Matlab\TCC\Originais\feret_frontal/00550/00550_940519_fa_a.png
1442: D:\Matlab\TCC\Originais\feret_frontal/00550/00550_940519_fb.png
1443: D:\Matlab\TCC\Originais\feret_frontal/00550/00550_940519_fb_a.png
1444: D:\Matlab\TCC\Originais\feret_frontal/00551/00551_940519_fa.png
1445: D:\Matlab\TCC\Originais\feret_frontal/00551/00551_940519_fb.png
1446: D:\Matlab\TCC\Originais\feret_frontal/00552/00552_940519_fa.png
1447: D:\Matlab\TCC\Originais\feret_frontal/00552/00552_940519_fb.png
1448: D:\Matlab\TCC\Originais\feret_frontal/00553/00553_940519_fa.png
1449: D:\Matlab\TCC\Originais\feret_frontal/00553/00553_940519_fa_a.png
1450: D:\Matlab\TCC\Originais\feret_frontal/00553/00553_940519_fb.png
1451: D:\Matlab\TCC\Originais\feret_frontal/00553/00553_940519_fb_a.png
1452: D:\Matlab\TCC\Originais\feret_frontal/00554/00554_940519_fa.png
1453: D:\Matlab\TCC\Originais\feret_frontal/00554/00554_940519_fb.png
1454: D:\Matlab\TCC\Originais\feret_frontal/00555/00555_940519_fa.png
1455: D:\Matlab\TCC\Originais\feret_frontal/00555/00555_940519_fb.png
1456: D:\Matlab\TCC\Originais\feret_frontal/00556/00556_940519_fa.png
1457: D:\Matlab\TCC\Originais\feret_frontal/00556/00556_940519_fa_a.png
1458: D:\Matlab\TCC\Originais\feret_frontal/00556/00556_940519_fa_b.png
1459: D:\Matlab\TCC\Originais\feret_frontal/00556/00556_940519_fa_c.png
1460: D:\Matlab\TCC\Originais\feret_frontal/00556/00556_940519_fb.png
1461: D:\Matlab\TCC\Originais\feret_frontal/00556/00556_940519_fb_a.png
1462: D:\Matlab\TCC\Originais\feret_frontal/00556/00556_940519_fb_b.png
1463: D:\Matlab\TCC\Originais\feret_frontal/00556/00556_940519_fb_c.png
1464: D:\Matlab\TCC\Originais\feret_frontal/00557/00557_940519_fa.png
1465: D:\Matlab\TCC\Originais\feret_frontal/00557/00557_940519_fb.png
1466: D:\Matlab\TCC\Originais\feret_frontal/00558/00558_940519_fa.png
1467: D:\Matlab\TCC\Originais\feret_frontal/00558/00558_940519_fb.png
1468: D:\Matlab\TCC\Originais\feret_frontal/00559/00559_940519_fa.png
1469: D:\Matlab\TCC\Originais\feret_frontal/00559/00559_940519_fb.png
1470: D:\Matlab\TCC\Originais\feret_frontal/00560/00560_940519_fa.png
1471: D:\Matlab\TCC\Originais\feret_frontal/00560/00560_940519_fb.png
1472: D:\Matlab\TCC\Originais\feret_frontal/00561/00561_940519_fa.png
1473: D:\Matlab\TCC\Originais\feret_frontal/00561/00561_940519_fa_a.png
1474: D:\Matlab\TCC\Originais\feret_frontal/00561/00561_940519_fb.png
1475: D:\Matlab\TCC\Originais\feret_frontal/00561/00561_940519_fb_a.png
1476: D:\Matlab\TCC\Originais\feret_frontal/00562/00562_940928_fa.png
1477: D:\Matlab\TCC\Originais\feret_frontal/00562/00562_940928_fb.png
1478: D:\Matlab\TCC\Originais\feret_frontal/00562/00562_941031_fa.png
1479: D:\Matlab\TCC\Originais\feret_frontal/00562/00562_941031_fb.png
1480: D:\Matlab\TCC\Originais\feret_frontal/00563/00563_940928_fa.png
1481: D:\Matlab\TCC\Originais\feret_frontal/00563/00563_940928_fb.png
1482: D:\Matlab\TCC\Originais\feret_frontal/00564/00564_940928_fa.png
1483: D:\Matlab\TCC\Originais\feret_frontal/00564/00564_940928_fb.png
1484: D:\Matlab\TCC\Originais\feret_frontal/00564/00564_941031_fa.png
1485: D:\Matlab\TCC\Originais\feret_frontal/00565/00565_940307_fa.png
1486: D:\Matlab\TCC\Originais\feret_frontal/00565/00565_940307_fb.png
1487: D:\Matlab\TCC\Originais\feret_frontal/00565/00565_940928_fa.png
1488: D:\Matlab\TCC\Originais\feret_frontal/00565/00565_940928_fb.png
1489: D:\Matlab\TCC\Originais\feret_frontal/00565/00565_941121_fa.png
1490: D:\Matlab\TCC\Originais\feret_frontal/00565/00565_941121_fb.png
1491: D:\Matlab\TCC\Originais\feret_frontal/00566/00566_940928_fa.png
1492: D:\Matlab\TCC\Originais\feret_frontal/00566/00566_940928_fb.png
1493: D:\Matlab\TCC\Originais\feret_frontal/00566/00566_941121_fa.png
1494: D:\Matlab\TCC\Originais\feret_frontal/00566/00566_941121_fb.png
1495: D:\Matlab\TCC\Originais\feret_frontal/00567/00567_940928_fa.png
1496: D:\Matlab\TCC\Originais\feret_frontal/00567/00567_940928_fb.png
1497: D:\Matlab\TCC\Originais\feret_frontal/00568/00568_940928_fa.png
1498: D:\Matlab\TCC\Originais\feret_frontal/00568/00568_940928_fb.png
1499: D:\Matlab\TCC\Originais\feret_frontal/00568/00568_941031_fa.png
1500: D:\Matlab\TCC\Originais\feret_frontal/00568/00568_941031_fb.png
1501: D:\Matlab\TCC\Originais\feret_frontal/00569/00569_940928_fa.png
1502: D:\Matlab\TCC\Originais\feret_frontal/00569/00569_940928_fb.png
1503: D:\Matlab\TCC\Originais\feret_frontal/00570/00570_940928_fa.png
1504: D:\Matlab\TCC\Originais\feret_frontal/00570/00570_940928_fa_a.png
1505: D:\Matlab\TCC\Originais\feret_frontal/00570/00570_940928_fb.png
1506: D:\Matlab\TCC\Originais\feret_frontal/00570/00570_940928_fb_a.png
1507: D:\Matlab\TCC\Originais\feret_frontal/00571/00571_940928_fa.png
1508: D:\Matlab\TCC\Originais\feret_frontal/00571/00571_940928_fb.png
1509: D:\Matlab\TCC\Originais\feret_frontal/00572/00572_940928_fa.png
1510: D:\Matlab\TCC\Originais\feret_frontal/00572/00572_940928_fb.png
1511: D:\Matlab\TCC\Originais\feret_frontal/00573/00573_940928_fa.png
1512: D:\Matlab\TCC\Originais\feret_frontal/00573/00573_940928_fb.png
1513: D:\Matlab\TCC\Originais\feret_frontal/00574/00574_940928_fa.png
1514: D:\Matlab\TCC\Originais\feret_frontal/00574/00574_940928_fb.png
1515: D:\Matlab\TCC\Originais\feret_frontal/00575/00575_940928_fa.png
1516: D:\Matlab\TCC\Originais\feret_frontal/00575/00575_940928_fb.png
1517: D:\Matlab\TCC\Originais\feret_frontal/00576/00576_940928_fa.png
1518: D:\Matlab\TCC\Originais\feret_frontal/00576/00576_940928_fb.png
1519: D:\Matlab\TCC\Originais\feret_frontal/00576/00576_941031_fa.png
1520: D:\Matlab\TCC\Originais\feret_frontal/00576/00576_941031_fb.png
1521: D:\Matlab\TCC\Originais\feret_frontal/00577/00577_940928_fa.png
1522: D:\Matlab\TCC\Originais\feret_frontal/00577/00577_940928_fb.png
1523: D:\Matlab\TCC\Originais\feret_frontal/00578/00578_940928_fa.png
1524: D:\Matlab\TCC\Originais\feret_frontal/00578/00578_940928_fb.png
1525: D:\Matlab\TCC\Originais\feret_frontal/00579/00579_940928_fa.png
1526: D:\Matlab\TCC\Originais\feret_frontal/00579/00579_940928_fb.png
1527: D:\Matlab\TCC\Originais\feret_frontal/00579/00579_941031_fa.png
1528: D:\Matlab\TCC\Originais\feret_frontal/00579/00579_941031_fb.png
1529: D:\Matlab\TCC\Originais\feret_frontal/00580/00580_940928_fa.png
1530: D:\Matlab\TCC\Originais\feret_frontal/00580/00580_940928_fb.png
1531: D:\Matlab\TCC\Originais\feret_frontal/00581/00581_940928_fa.png
1532: D:\Matlab\TCC\Originais\feret_frontal/00581/00581_940928_fb.png
1533: D:\Matlab\TCC\Originais\feret_frontal/00582/00582_940928_fa.png
1534: D:\Matlab\TCC\Originais\feret_frontal/00582/00582_940928_fb.png
1535: D:\Matlab\TCC\Originais\feret_frontal/00583/00583_940928_fa.png
1536: D:\Matlab\TCC\Originais\feret_frontal/00583/00583_940928_fb.png
1537: D:\Matlab\TCC\Originais\feret_frontal/00584/00584_940928_fa.png
1538: D:\Matlab\TCC\Originais\feret_frontal/00584/00584_940928_fb.png
1539: D:\Matlab\TCC\Originais\feret_frontal/00584/00584_941031_fa.png
1540: D:\Matlab\TCC\Originais\feret_frontal/00584/00584_941031_fb.png
1541: D:\Matlab\TCC\Originais\feret_frontal/00585/00585_940928_fa.png
1542: D:\Matlab\TCC\Originais\feret_frontal/00585/00585_940928_fb.png
1543: D:\Matlab\TCC\Originais\feret_frontal/00586/00586_940928_fa.png
1544: D:\Matlab\TCC\Originais\feret_frontal/00586/00586_940928_fb.png
1545: D:\Matlab\TCC\Originais\feret_frontal/00587/00587_940928_fa.png
1546: D:\Matlab\TCC\Originais\feret_frontal/00587/00587_940928_fb.png
1547: D:\Matlab\TCC\Originais\feret_frontal/00588/00588_940307_fa.png
1548: D:\Matlab\TCC\Originais\feret_frontal/00588/00588_940307_fb.png
1549: D:\Matlab\TCC\Originais\feret_frontal/00588/00588_940928_fa.png
1550: D:\Matlab\TCC\Originais\feret_frontal/00588/00588_940928_fb.png
1551: D:\Matlab\TCC\Originais\feret_frontal/00588/00588_941031_fa.png
1552: D:\Matlab\TCC\Originais\feret_frontal/00588/00588_941031_fb.png
1553: D:\Matlab\TCC\Originais\feret_frontal/00588/00588_941121_fa.png
1554: D:\Matlab\TCC\Originais\feret_frontal/00588/00588_941121_fb.png
1555: D:\Matlab\TCC\Originais\feret_frontal/00589/00589_940928_fa.png
1556: D:\Matlab\TCC\Originais\feret_frontal/00589/00589_940928_fb.png
1557: D:\Matlab\TCC\Originais\feret_frontal/00590/00590_940928_fa.png
1558: D:\Matlab\TCC\Originais\feret_frontal/00590/00590_940928_fb.png
1559: D:\Matlab\TCC\Originais\feret_frontal/00591/00591_940928_fa.png
1560: D:\Matlab\TCC\Originais\feret_frontal/00591/00591_940928_fb.png
1561: D:\Matlab\TCC\Originais\feret_frontal/00592/00592_940928_fa.png
1562: D:\Matlab\TCC\Originais\feret_frontal/00592/00592_940928_fb.png
1563: D:\Matlab\TCC\Originais\feret_frontal/00593/00593_940928_fa.png
1564: D:\Matlab\TCC\Originais\feret_frontal/00593/00593_940928_fb.png
1565: D:\Matlab\TCC\Originais\feret_frontal/00593/00593_941031_fa.png
1566: D:\Matlab\TCC\Originais\feret_frontal/00593/00593_941031_fb.png
1567: D:\Matlab\TCC\Originais\feret_frontal/00594/00594_940928_fa.png
1568: D:\Matlab\TCC\Originais\feret_frontal/00594/00594_940928_fb.png
1569: D:\Matlab\TCC\Originais\feret_frontal/00594/00594_941031_fa.png
1570: D:\Matlab\TCC\Originais\feret_frontal/00594/00594_941031_fb.png
1571: D:\Matlab\TCC\Originais\feret_frontal/00594/00594_941121_fa.png
1572: D:\Matlab\TCC\Originais\feret_frontal/00594/00594_941121_fb.png
1573: D:\Matlab\TCC\Originais\feret_frontal/00595/00595_940928_fa.png
1574: D:\Matlab\TCC\Originais\feret_frontal/00595/00595_940928_fb.png
1575: D:\Matlab\TCC\Originais\feret_frontal/00596/00596_940928_fa.png
1576: D:\Matlab\TCC\Originais\feret_frontal/00596/00596_940928_fb.png
1577: D:\Matlab\TCC\Originais\feret_frontal/00596/00596_941121_fa.png
1578: D:\Matlab\TCC\Originais\feret_frontal/00596/00596_941121_fb.png
1579: D:\Matlab\TCC\Originais\feret_frontal/00597/00597_940928_fa.png
1580: D:\Matlab\TCC\Originais\feret_frontal/00597/00597_940928_fb.png
1581: D:\Matlab\TCC\Originais\feret_frontal/00597/00597_941031_fa.png
1582: D:\Matlab\TCC\Originais\feret_frontal/00598/00598_940928_fa.png
1583: D:\Matlab\TCC\Originais\feret_frontal/00598/00598_940928_fb.png
1584: D:\Matlab\TCC\Originais\feret_frontal/00598/00598_941031_fa.png
1585: D:\Matlab\TCC\Originais\feret_frontal/00598/00598_941031_fb.png
1586: D:\Matlab\TCC\Originais\feret_frontal/00599/00599_940928_fa.png
1587: D:\Matlab\TCC\Originais\feret_frontal/00599/00599_940928_fb.png
1588: D:\Matlab\TCC\Originais\feret_frontal/00600/00600_940928_fa.png
1589: D:\Matlab\TCC\Originais\feret_frontal/00600/00600_940928_fb.png
1590: D:\Matlab\TCC\Originais\feret_frontal/00600/00600_941121_fa.png
1591: D:\Matlab\TCC\Originais\feret_frontal/00600/00600_941121_fb.png
1592: D:\Matlab\TCC\Originais\feret_frontal/00601/00601_940928_fa.png
1593: D:\Matlab\TCC\Originais\feret_frontal/00601/00601_940928_fb.png
1594: D:\Matlab\TCC\Originais\feret_frontal/00602/00602_940928_fa.png
1595: D:\Matlab\TCC\Originais\feret_frontal/00602/00602_940928_fb.png
1596: D:\Matlab\TCC\Originais\feret_frontal/00603/00603_940928_fa.png
1597: D:\Matlab\TCC\Originais\feret_frontal/00603/00603_940928_fb.png
1598: D:\Matlab\TCC\Originais\feret_frontal/00604/00604_940928_fa.png
1599: D:\Matlab\TCC\Originais\feret_frontal/00604/00604_940928_fb.png
1600: D:\Matlab\TCC\Originais\feret_frontal/00604/00604_941031_fa.png
1601: D:\Matlab\TCC\Originais\feret_frontal/00604/00604_941031_fb.png
1602: D:\Matlab\TCC\Originais\feret_frontal/00604/00604_941121_fa.png
1603: D:\Matlab\TCC\Originais\feret_frontal/00604/00604_941121_fb.png
1604: D:\Matlab\TCC\Originais\feret_frontal/00605/00605_940928_fa.png
1605: D:\Matlab\TCC\Originais\feret_frontal/00605/00605_940928_fb.png
1606: D:\Matlab\TCC\Originais\feret_frontal/00605/00605_941031_fa.png
1607: D:\Matlab\TCC\Originais\feret_frontal/00605/00605_941031_fb.png
1608: D:\Matlab\TCC\Originais\feret_frontal/00606/00606_940928_fa.png
1609: D:\Matlab\TCC\Originais\feret_frontal/00606/00606_940928_fb.png
1610: D:\Matlab\TCC\Originais\feret_frontal/00607/00607_940928_fa.png
1611: D:\Matlab\TCC\Originais\feret_frontal/00607/00607_940928_fb.png
1612: D:\Matlab\TCC\Originais\feret_frontal/00608/00608_940928_fa.png
1613: D:\Matlab\TCC\Originais\feret_frontal/00608/00608_940928_fb.png
1614: D:\Matlab\TCC\Originais\feret_frontal/00609/00609_940928_fa.png
1615: D:\Matlab\TCC\Originais\feret_frontal/00609/00609_940928_fb.png
1616: D:\Matlab\TCC\Originais\feret_frontal/00610/00610_940928_fa.png
1617: D:\Matlab\TCC\Originais\feret_frontal/00610/00610_940928_fb.png
1618: D:\Matlab\TCC\Originais\feret_frontal/00611/00611_940307_fa.png
1619: D:\Matlab\TCC\Originais\feret_frontal/00611/00611_940307_fb.png
1620: D:\Matlab\TCC\Originais\feret_frontal/00611/00611_940928_fa.png
1621: D:\Matlab\TCC\Originais\feret_frontal/00611/00611_940928_fb.png
1622: D:\Matlab\TCC\Originais\feret_frontal/00612/00612_940928_fa.png
1623: D:\Matlab\TCC\Originais\feret_frontal/00612/00612_940928_fb.png
1624: D:\Matlab\TCC\Originais\feret_frontal/00613/00613_940928_fa.png
1625: D:\Matlab\TCC\Originais\feret_frontal/00613/00613_940928_fb.png
1626: D:\Matlab\TCC\Originais\feret_frontal/00614/00614_940928_fa.png
1627: D:\Matlab\TCC\Originais\feret_frontal/00614/00614_940928_fb.png
1628: D:\Matlab\TCC\Originais\feret_frontal/00614/00614_941031_fa.png
1629: D:\Matlab\TCC\Originais\feret_frontal/00614/00614_941031_fb.png
1630: D:\Matlab\TCC\Originais\feret_frontal/00615/00615_940928_fa.png
1631: D:\Matlab\TCC\Originais\feret_frontal/00615/00615_940928_fb.png
1632: D:\Matlab\TCC\Originais\feret_frontal/00615/00615_941031_fa.png
1633: D:\Matlab\TCC\Originais\feret_frontal/00615/00615_941031_fb.png
1634: D:\Matlab\TCC\Originais\feret_frontal/00616/00616_940928_fa.png
1635: D:\Matlab\TCC\Originais\feret_frontal/00616/00616_940928_fb.png
1636: D:\Matlab\TCC\Originais\feret_frontal/00616/00616_941031_fa.png
1637: D:\Matlab\TCC\Originais\feret_frontal/00616/00616_941031_fb.png
1638: D:\Matlab\TCC\Originais\feret_frontal/00617/00617_940928_fa.png
1639: D:\Matlab\TCC\Originais\feret_frontal/00617/00617_940928_fb.png
1640: D:\Matlab\TCC\Originais\feret_frontal/00618/00618_940928_fa.png
1641: D:\Matlab\TCC\Originais\feret_frontal/00618/00618_940928_fb.png
1642: D:\Matlab\TCC\Originais\feret_frontal/00618/00618_941031_fa.png
1643: D:\Matlab\TCC\Originais\feret_frontal/00618/00618_941031_fb.png
1644: D:\Matlab\TCC\Originais\feret_frontal/00619/00619_940928_fa.png
1645: D:\Matlab\TCC\Originais\feret_frontal/00619/00619_940928_fb.png
1646: D:\Matlab\TCC\Originais\feret_frontal/00620/00620_940928_fa.png
1647: D:\Matlab\TCC\Originais\feret_frontal/00620/00620_940928_fb.png
1648: D:\Matlab\TCC\Originais\feret_frontal/00621/00621_940928_fa.png
1649: D:\Matlab\TCC\Originais\feret_frontal/00621/00621_940928_fb.png
1650: D:\Matlab\TCC\Originais\feret_frontal/00621/00621_941121_fa.png
1651: D:\Matlab\TCC\Originais\feret_frontal/00621/00621_941121_fb.png
1652: D:\Matlab\TCC\Originais\feret_frontal/00622/00622_940928_fa.png
1653: D:\Matlab\TCC\Originais\feret_frontal/00622/00622_940928_fb.png
1654: D:\Matlab\TCC\Originais\feret_frontal/00622/00622_941121_fa.png
1655: D:\Matlab\TCC\Originais\feret_frontal/00622/00622_941121_fb.png
1656: D:\Matlab\TCC\Originais\feret_frontal/00623/00623_940928_fa.png
1657: D:\Matlab\TCC\Originais\feret_frontal/00623/00623_940928_fb.png
1658: D:\Matlab\TCC\Originais\feret_frontal/00624/00624_940928_fa.png
1659: D:\Matlab\TCC\Originais\feret_frontal/00624/00624_940928_fb.png
1660: D:\Matlab\TCC\Originais\feret_frontal/00625/00625_940928_fa.png
1661: D:\Matlab\TCC\Originais\feret_frontal/00625/00625_940928_fb.png
1662: D:\Matlab\TCC\Originais\feret_frontal/00626/00626_940928_fa.png
1663: D:\Matlab\TCC\Originais\feret_frontal/00626/00626_940928_fb.png
1664: D:\Matlab\TCC\Originais\feret_frontal/00626/00626_941031_fa.png
1665: D:\Matlab\TCC\Originais\feret_frontal/00626/00626_941031_fb.png
1666: D:\Matlab\TCC\Originais\feret_frontal/00627/00627_940928_fa.png
1667: D:\Matlab\TCC\Originais\feret_frontal/00627/00627_940928_fb.png
1668: D:\Matlab\TCC\Originais\feret_frontal/00627/00627_941031_fa.png
1669: D:\Matlab\TCC\Originais\feret_frontal/00627/00627_941031_fb.png
1670: D:\Matlab\TCC\Originais\feret_frontal/00628/00628_940928_fa.png
1671: D:\Matlab\TCC\Originais\feret_frontal/00628/00628_940928_fb.png
1672: D:\Matlab\TCC\Originais\feret_frontal/00629/00629_940928_fa.png
1673: D:\Matlab\TCC\Originais\feret_frontal/00629/00629_940928_fb.png
1674: D:\Matlab\TCC\Originais\feret_frontal/00630/00630_940928_fa.png
1675: D:\Matlab\TCC\Originais\feret_frontal/00630/00630_940928_fb.png
1676: D:\Matlab\TCC\Originais\feret_frontal/00630/00630_941031_fa.png
1677: D:\Matlab\TCC\Originais\feret_frontal/00630/00630_941031_fb.png
1678: D:\Matlab\TCC\Originais\feret_frontal/00630/00630_941121_fa.png
1679: D:\Matlab\TCC\Originais\feret_frontal/00630/00630_941121_fb.png
1680: D:\Matlab\TCC\Originais\feret_frontal/00631/00631_940928_fa.png
1681: D:\Matlab\TCC\Originais\feret_frontal/00631/00631_940928_fb.png
1682: D:\Matlab\TCC\Originais\feret_frontal/00632/00632_940928_fa.png
1683: D:\Matlab\TCC\Originais\feret_frontal/00632/00632_940928_fb.png
1684: D:\Matlab\TCC\Originais\feret_frontal/00633/00633_940928_fa.png
1685: D:\Matlab\TCC\Originais\feret_frontal/00633/00633_940928_fb.png
1686: D:\Matlab\TCC\Originais\feret_frontal/00634/00634_940928_fa.png
1687: D:\Matlab\TCC\Originais\feret_frontal/00634/00634_940928_fb.png
1688: D:\Matlab\TCC\Originais\feret_frontal/00635/00635_941031_fa.png
1689: D:\Matlab\TCC\Originais\feret_frontal/00635/00635_941031_fb.png
1690: D:\Matlab\TCC\Originais\feret_frontal/00636/00636_941031_fa.png
1691: D:\Matlab\TCC\Originais\feret_frontal/00636/00636_941031_fb.png
1692: D:\Matlab\TCC\Originais\feret_frontal/00637/00637_941031_fa.png
1693: D:\Matlab\TCC\Originais\feret_frontal/00637/00637_941031_fb.png
1694: D:\Matlab\TCC\Originais\feret_frontal/00638/00638_941031_fa.png
1695: D:\Matlab\TCC\Originais\feret_frontal/00638/00638_941031_fb.png
1696: D:\Matlab\TCC\Originais\feret_frontal/00638/00638_941121_fa.png
1697: D:\Matlab\TCC\Originais\feret_frontal/00638/00638_941121_fb.png
1698: D:\Matlab\TCC\Originais\feret_frontal/00639/00639_941031_fa.png
1699: D:\Matlab\TCC\Originais\feret_frontal/00639/00639_941031_fb.png
1700: D:\Matlab\TCC\Originais\feret_frontal/00640/00640_941031_fa.png
1701: D:\Matlab\TCC\Originais\feret_frontal/00640/00640_941031_fb.png
1702: D:\Matlab\TCC\Originais\feret_frontal/00641/00641_941031_fa.png
1703: D:\Matlab\TCC\Originais\feret_frontal/00641/00641_941031_fb.png
1704: D:\Matlab\TCC\Originais\feret_frontal/00642/00642_941031_fa.png
1705: D:\Matlab\TCC\Originais\feret_frontal/00642/00642_941031_fb.png
1706: D:\Matlab\TCC\Originais\feret_frontal/00642/00642_941121_fa.png
1707: D:\Matlab\TCC\Originais\feret_frontal/00642/00642_941121_fb.png
1708: D:\Matlab\TCC\Originais\feret_frontal/00643/00643_941031_fa.png
1709: D:\Matlab\TCC\Originais\feret_frontal/00643/00643_941031_fb.png
1710: D:\Matlab\TCC\Originais\feret_frontal/00644/00644_941031_fa.png
1711: D:\Matlab\TCC\Originais\feret_frontal/00644/00644_941031_fb.png
1712: D:\Matlab\TCC\Originais\feret_frontal/00645/00645_941031_fa.png
1713: D:\Matlab\TCC\Originais\feret_frontal/00645/00645_941031_fb.png
1714: D:\Matlab\TCC\Originais\feret_frontal/00646/00646_941031_fa.png
1715: D:\Matlab\TCC\Originais\feret_frontal/00646/00646_941031_fb.png
1716: D:\Matlab\TCC\Originais\feret_frontal/00647/00647_941031_fa.png
1717: D:\Matlab\TCC\Originais\feret_frontal/00647/00647_941031_fb.png
1718: D:\Matlab\TCC\Originais\feret_frontal/00648/00648_941031_fa.png
1719: D:\Matlab\TCC\Originais\feret_frontal/00648/00648_941031_fb.png
1720: D:\Matlab\TCC\Originais\feret_frontal/00648/00648_941121_fa.png
1721: D:\Matlab\TCC\Originais\feret_frontal/00648/00648_941121_fb.png
1722: D:\Matlab\TCC\Originais\feret_frontal/00650/00650_941031_fa.png
1723: D:\Matlab\TCC\Originais\feret_frontal/00650/00650_941031_fb.png
1724: D:\Matlab\TCC\Originais\feret_frontal/00652/00652_941031_fa.png
1725: D:\Matlab\TCC\Originais\feret_frontal/00652/00652_941031_fb.png
1726: D:\Matlab\TCC\Originais\feret_frontal/00653/00653_941031_fa.png
1727: D:\Matlab\TCC\Originais\feret_frontal/00653/00653_941031_fb.png
1728: D:\Matlab\TCC\Originais\feret_frontal/00654/00654_941031_fa.png
1729: D:\Matlab\TCC\Originais\feret_frontal/00654/00654_941031_fb.png
1730: D:\Matlab\TCC\Originais\feret_frontal/00655/00655_941031_fa.png
1731: D:\Matlab\TCC\Originais\feret_frontal/00655/00655_941031_fb.png
1732: D:\Matlab\TCC\Originais\feret_frontal/00656/00656_941121_fa.png
1733: D:\Matlab\TCC\Originais\feret_frontal/00656/00656_941121_fb.png
1734: D:\Matlab\TCC\Originais\feret_frontal/00657/00657_941121_fa.png
1735: D:\Matlab\TCC\Originais\feret_frontal/00657/00657_941121_fb.png
1736: D:\Matlab\TCC\Originais\feret_frontal/00658/00658_941121_fa.png
1737: D:\Matlab\TCC\Originais\feret_frontal/00658/00658_941121_fb.png
1738: D:\Matlab\TCC\Originais\feret_frontal/00659/00659_941121_fa.png
1739: D:\Matlab\TCC\Originais\feret_frontal/00659/00659_941121_fb.png
1740: D:\Matlab\TCC\Originais\feret_frontal/00660/00660_941121_fa.png
1741: D:\Matlab\TCC\Originais\feret_frontal/00660/00660_941121_fb.png
1742: D:\Matlab\TCC\Originais\feret_frontal/00660/00660_941201_fa.png
1743: D:\Matlab\TCC\Originais\feret_frontal/00660/00660_941201_fb.png
1744: D:\Matlab\TCC\Originais\feret_frontal/00660/00660_960530_fa.png
1745: D:\Matlab\TCC\Originais\feret_frontal/00660/00660_960530_fb.png
1746: D:\Matlab\TCC\Originais\feret_frontal/00660/00660_960620_fa.png
1747: D:\Matlab\TCC\Originais\feret_frontal/00660/00660_960620_fb.png
1748: D:\Matlab\TCC\Originais\feret_frontal/00661/00661_941121_fa.png
1749: D:\Matlab\TCC\Originais\feret_frontal/00661/00661_941121_fb.png
1750: D:\Matlab\TCC\Originais\feret_frontal/00662/00662_941121_fa.png
1751: D:\Matlab\TCC\Originais\feret_frontal/00662/00662_941121_fb.png
1752: D:\Matlab\TCC\Originais\feret_frontal/00663/00663_941121_fa.png
1753: D:\Matlab\TCC\Originais\feret_frontal/00663/00663_941121_fb.png
1754: D:\Matlab\TCC\Originais\feret_frontal/00664/00664_941121_fa.png
1755: D:\Matlab\TCC\Originais\feret_frontal/00664/00664_941121_fb.png
1756: D:\Matlab\TCC\Originais\feret_frontal/00665/00665_941121_fa.png
1757: D:\Matlab\TCC\Originais\feret_frontal/00665/00665_941121_fb.png
1758: D:\Matlab\TCC\Originais\feret_frontal/00666/00666_941121_fa.png
1759: D:\Matlab\TCC\Originais\feret_frontal/00666/00666_941121_fb.png
1760: D:\Matlab\TCC\Originais\feret_frontal/00667/00667_941121_fa.png
1761: D:\Matlab\TCC\Originais\feret_frontal/00667/00667_941121_fb.png
1762: D:\Matlab\TCC\Originais\feret_frontal/00668/00668_941121_fa.png
1763: D:\Matlab\TCC\Originais\feret_frontal/00668/00668_941121_fb.png
1764: D:\Matlab\TCC\Originais\feret_frontal/00669/00669_940307_fa.png
1765: D:\Matlab\TCC\Originais\feret_frontal/00669/00669_940307_fa_a.png
1766: D:\Matlab\TCC\Originais\feret_frontal/00669/00669_940307_fb.png
1767: D:\Matlab\TCC\Originais\feret_frontal/00669/00669_940307_fb_a.png
1768: D:\Matlab\TCC\Originais\feret_frontal/00669/00669_941121_fa.png
1769: D:\Matlab\TCC\Originais\feret_frontal/00669/00669_941121_fb.png
1770: D:\Matlab\TCC\Originais\feret_frontal/00670/00670_941121_fa.png
1771: D:\Matlab\TCC\Originais\feret_frontal/00670/00670_941121_fb.png
1772: D:\Matlab\TCC\Originais\feret_frontal/00671/00671_941121_fa.png
1773: D:\Matlab\TCC\Originais\feret_frontal/00671/00671_941121_fb.png
1774: D:\Matlab\TCC\Originais\feret_frontal/00672/00672_941121_fa.png
1775: D:\Matlab\TCC\Originais\feret_frontal/00672/00672_941121_fb.png
1776: D:\Matlab\TCC\Originais\feret_frontal/00673/00673_941121_fa.png
1777: D:\Matlab\TCC\Originais\feret_frontal/00673/00673_941121_fb.png
1778: D:\Matlab\TCC\Originais\feret_frontal/00674/00674_941121_fa.png
1779: D:\Matlab\TCC\Originais\feret_frontal/00674/00674_941121_fb.png
1780: D:\Matlab\TCC\Originais\feret_frontal/00675/00675_941121_fa.png
1781: D:\Matlab\TCC\Originais\feret_frontal/00675/00675_941121_fb.png
1782: D:\Matlab\TCC\Originais\feret_frontal/00676/00676_941121_fa.png
1783: D:\Matlab\TCC\Originais\feret_frontal/00676/00676_941121_fb.png
1784: D:\Matlab\TCC\Originais\feret_frontal/00677/00677_941121_fa.png
1785: D:\Matlab\TCC\Originais\feret_frontal/00677/00677_941121_fb.png
1786: D:\Matlab\TCC\Originais\feret_frontal/00678/00678_941121_fa.png
1787: D:\Matlab\TCC\Originais\feret_frontal/00678/00678_941121_fb.png
1788: D:\Matlab\TCC\Originais\feret_frontal/00679/00679_941121_fa.png
1789: D:\Matlab\TCC\Originais\feret_frontal/00679/00679_941121_fb.png
1790: D:\Matlab\TCC\Originais\feret_frontal/00680/00680_941121_fa.png
1791: D:\Matlab\TCC\Originais\feret_frontal/00680/00680_941121_fb.png
1792: D:\Matlab\TCC\Originais\feret_frontal/00681/00681_941121_fa.png
1793: D:\Matlab\TCC\Originais\feret_frontal/00681/00681_941121_fb.png
1794: D:\Matlab\TCC\Originais\feret_frontal/00682/00682_941121_fa.png
1795: D:\Matlab\TCC\Originais\feret_frontal/00682/00682_941121_fb.png
1796: D:\Matlab\TCC\Originais\feret_frontal/00683/00683_941121_fa.png
1797: D:\Matlab\TCC\Originais\feret_frontal/00683/00683_941121_fb.png
1798: D:\Matlab\TCC\Originais\feret_frontal/00684/00684_941121_fa.png
1799: D:\Matlab\TCC\Originais\feret_frontal/00684/00684_941121_fb.png
1800: D:\Matlab\TCC\Originais\feret_frontal/00685/00685_941121_fa.png
1801: D:\Matlab\TCC\Originais\feret_frontal/00685/00685_941121_fb.png
1802: D:\Matlab\TCC\Originais\feret_frontal/00686/00686_941121_fa.png
1803: D:\Matlab\TCC\Originais\feret_frontal/00686/00686_941121_fb.png
1804: D:\Matlab\TCC\Originais\feret_frontal/00687/00687_941121_fa.png
1805: D:\Matlab\TCC\Originais\feret_frontal/00687/00687_941121_fb.png
1806: D:\Matlab\TCC\Originais\feret_frontal/00688/00688_941121_fa.png
1807: D:\Matlab\TCC\Originais\feret_frontal/00688/00688_941121_fb.png
1808: D:\Matlab\TCC\Originais\feret_frontal/00689/00689_941121_fa.png
1809: D:\Matlab\TCC\Originais\feret_frontal/00689/00689_941121_fb.png
1810: D:\Matlab\TCC\Originais\feret_frontal/00690/00690_941121_fa.png
1811: D:\Matlab\TCC\Originais\feret_frontal/00690/00690_941121_fb.png
1812: D:\Matlab\TCC\Originais\feret_frontal/00691/00691_941121_fa.png
1813: D:\Matlab\TCC\Originais\feret_frontal/00691/00691_941121_fb.png
1814: D:\Matlab\TCC\Originais\feret_frontal/00692/00692_941121_fa.png
1815: D:\Matlab\TCC\Originais\feret_frontal/00692/00692_941121_fb.png
1816: D:\Matlab\TCC\Originais\feret_frontal/00693/00693_941121_fa.png
1817: D:\Matlab\TCC\Originais\feret_frontal/00693/00693_941121_fb.png
1818: D:\Matlab\TCC\Originais\feret_frontal/00694/00694_941121_fa.png
1819: D:\Matlab\TCC\Originais\feret_frontal/00694/00694_941121_fb.png
1820: D:\Matlab\TCC\Originais\feret_frontal/00695/00695_941121_fa.png
1821: D:\Matlab\TCC\Originais\feret_frontal/00695/00695_941121_fb.png
1822: D:\Matlab\TCC\Originais\feret_frontal/00697/00697_941121_fa.png
1823: D:\Matlab\TCC\Originais\feret_frontal/00697/00697_941121_fb.png
1824: D:\Matlab\TCC\Originais\feret_frontal/00698/00698_941121_fa.png
1825: D:\Matlab\TCC\Originais\feret_frontal/00698/00698_941121_fb.png
1826: D:\Matlab\TCC\Originais\feret_frontal/00699/00699_941121_fa.png
1827: D:\Matlab\TCC\Originais\feret_frontal/00699/00699_941121_fb.png
1828: D:\Matlab\TCC\Originais\feret_frontal/00700/00700_941121_fa.png
1829: D:\Matlab\TCC\Originais\feret_frontal/00700/00700_941121_fb.png
1830: D:\Matlab\TCC\Originais\feret_frontal/00701/00701_941201_fa.png
1831: D:\Matlab\TCC\Originais\feret_frontal/00701/00701_941201_fb.png
1832: D:\Matlab\TCC\Originais\feret_frontal/00703/00703_941201_fa.png
1833: D:\Matlab\TCC\Originais\feret_frontal/00703/00703_941201_fb.png
1834: D:\Matlab\TCC\Originais\feret_frontal/00703/00703_941205_fa.png
1835: D:\Matlab\TCC\Originais\feret_frontal/00703/00703_941205_fb.png
1836: D:\Matlab\TCC\Originais\feret_frontal/00704/00704_941201_fa.png
1837: D:\Matlab\TCC\Originais\feret_frontal/00704/00704_941201_fb.png
1838: D:\Matlab\TCC\Originais\feret_frontal/00704/00704_941205_fa.png
1839: D:\Matlab\TCC\Originais\feret_frontal/00704/00704_941205_fb.png
1840: D:\Matlab\TCC\Originais\feret_frontal/00704/00704_960530_fa.png
1841: D:\Matlab\TCC\Originais\feret_frontal/00704/00704_960530_fb.png
1842: D:\Matlab\TCC\Originais\feret_frontal/00705/00705_941201_fa.png
1843: D:\Matlab\TCC\Originais\feret_frontal/00705/00705_941201_fb.png
1844: D:\Matlab\TCC\Originais\feret_frontal/00705/00705_941205_fa.png
1845: D:\Matlab\TCC\Originais\feret_frontal/00705/00705_941205_fb.png
1846: D:\Matlab\TCC\Originais\feret_frontal/00705/00705_960530_fa.png
1847: D:\Matlab\TCC\Originais\feret_frontal/00705/00705_960530_fb.png
1848: D:\Matlab\TCC\Originais\feret_frontal/00705/00705_960620_fa.png
1849: D:\Matlab\TCC\Originais\feret_frontal/00705/00705_960620_fb.png
1850: D:\Matlab\TCC\Originais\feret_frontal/00706/00706_941201_fa.png
1851: D:\Matlab\TCC\Originais\feret_frontal/00706/00706_941201_fb.png
1852: D:\Matlab\TCC\Originais\feret_frontal/00706/00706_941205_fa.png
1853: D:\Matlab\TCC\Originais\feret_frontal/00706/00706_941205_fb.png
1854: D:\Matlab\TCC\Originais\feret_frontal/00706/00706_960530_fa.png
1855: D:\Matlab\TCC\Originais\feret_frontal/00706/00706_960530_fb.png
1856: D:\Matlab\TCC\Originais\feret_frontal/00706/00706_960620_fa.png
1857: D:\Matlab\TCC\Originais\feret_frontal/00706/00706_960620_fb.png
1858: D:\Matlab\TCC\Originais\feret_frontal/00707/00707_941201_fa.png
1859: D:\Matlab\TCC\Originais\feret_frontal/00707/00707_941201_fb.png
1860: D:\Matlab\TCC\Originais\feret_frontal/00707/00707_941205_fa.png
1861: D:\Matlab\TCC\Originais\feret_frontal/00707/00707_941205_fb.png
1862: D:\Matlab\TCC\Originais\feret_frontal/00708/00708_941201_fa.png
1863: D:\Matlab\TCC\Originais\feret_frontal/00708/00708_941201_fb.png
1864: D:\Matlab\TCC\Originais\feret_frontal/00708/00708_941205_fa.png
1865: D:\Matlab\TCC\Originais\feret_frontal/00708/00708_941205_fb.png
1866: D:\Matlab\TCC\Originais\feret_frontal/00708/00708_960530_fa.png
1867: D:\Matlab\TCC\Originais\feret_frontal/00708/00708_960530_fb.png
1868: D:\Matlab\TCC\Originais\feret_frontal/00708/00708_960620_fa.png
1869: D:\Matlab\TCC\Originais\feret_frontal/00708/00708_960620_fb.png
1870: D:\Matlab\TCC\Originais\feret_frontal/00709/00709_941201_fa.png
1871: D:\Matlab\TCC\Originais\feret_frontal/00709/00709_941201_fb.png
1872: D:\Matlab\TCC\Originais\feret_frontal/00709/00709_960530_fa.png
1873: D:\Matlab\TCC\Originais\feret_frontal/00709/00709_960530_fb.png
1874: D:\Matlab\TCC\Originais\feret_frontal/00710/00710_941201_fa.png
1875: D:\Matlab\TCC\Originais\feret_frontal/00710/00710_941201_fb.png
1876: D:\Matlab\TCC\Originais\feret_frontal/00710/00710_960530_fa.png
1877: D:\Matlab\TCC\Originais\feret_frontal/00710/00710_960530_fb.png
1878: D:\Matlab\TCC\Originais\feret_frontal/00710/00710_960620_fa.png
1879: D:\Matlab\TCC\Originais\feret_frontal/00710/00710_960620_fb.png
1880: D:\Matlab\TCC\Originais\feret_frontal/00711/00711_941201_fa.png
1881: D:\Matlab\TCC\Originais\feret_frontal/00711/00711_941201_fb.png
1882: D:\Matlab\TCC\Originais\feret_frontal/00711/00711_941205_fa.png
1883: D:\Matlab\TCC\Originais\feret_frontal/00711/00711_941205_fb.png
1884: D:\Matlab\TCC\Originais\feret_frontal/00711/00711_960530_fa.png
1885: D:\Matlab\TCC\Originais\feret_frontal/00711/00711_960530_fb.png
1886: D:\Matlab\TCC\Originais\feret_frontal/00711/00711_960620_fa.png
1887: D:\Matlab\TCC\Originais\feret_frontal/00711/00711_960620_fb.png
1888: D:\Matlab\TCC\Originais\feret_frontal/00712/00712_941201_fa.png
1889: D:\Matlab\TCC\Originais\feret_frontal/00712/00712_941201_fb.png
1890: D:\Matlab\TCC\Originais\feret_frontal/00712/00712_941205_fa.png
1891: D:\Matlab\TCC\Originais\feret_frontal/00712/00712_941205_fb.png
1892: D:\Matlab\TCC\Originais\feret_frontal/00713/00713_941201_fa.png
1893: D:\Matlab\TCC\Originais\feret_frontal/00713/00713_941201_fb.png
1894: D:\Matlab\TCC\Originais\feret_frontal/00713/00713_941205_fa.png
1895: D:\Matlab\TCC\Originais\feret_frontal/00713/00713_941205_fb.png
1896: D:\Matlab\TCC\Originais\feret_frontal/00713/00713_960627_fa.png
1897: D:\Matlab\TCC\Originais\feret_frontal/00713/00713_960627_fb.png
1898: D:\Matlab\TCC\Originais\feret_frontal/00714/00714_941201_fa.png
1899: D:\Matlab\TCC\Originais\feret_frontal/00714/00714_941201_fb.png
1900: D:\Matlab\TCC\Originais\feret_frontal/00714/00714_960530_fa.png
1901: D:\Matlab\TCC\Originais\feret_frontal/00714/00714_960530_fb.png
1902: D:\Matlab\TCC\Originais\feret_frontal/00714/00714_960620_fa.png
1903: D:\Matlab\TCC\Originais\feret_frontal/00714/00714_960620_fb.png
1904: D:\Matlab\TCC\Originais\feret_frontal/00715/00715_941201_fa.png
1905: D:\Matlab\TCC\Originais\feret_frontal/00715/00715_941201_fb.png
1906: D:\Matlab\TCC\Originais\feret_frontal/00715/00715_941205_fa.png
1907: D:\Matlab\TCC\Originais\feret_frontal/00715/00715_941205_fb.png
1908: D:\Matlab\TCC\Originais\feret_frontal/00716/00716_941201_fa.png
1909: D:\Matlab\TCC\Originais\feret_frontal/00716/00716_941201_fb.png
1910: D:\Matlab\TCC\Originais\feret_frontal/00716/00716_941205_fa.png
1911: D:\Matlab\TCC\Originais\feret_frontal/00717/00717_941201_fa.png
1912: D:\Matlab\TCC\Originais\feret_frontal/00717/00717_941201_fb.png
1913: D:\Matlab\TCC\Originais\feret_frontal/00717/00717_941205_fa.png
1914: D:\Matlab\TCC\Originais\feret_frontal/00717/00717_941205_fb.png
1915: D:\Matlab\TCC\Originais\feret_frontal/00717/00717_960530_fa.png
1916: D:\Matlab\TCC\Originais\feret_frontal/00717/00717_960530_fb.png
1917: D:\Matlab\TCC\Originais\feret_frontal/00717/00717_960620_fa.png
1918: D:\Matlab\TCC\Originais\feret_frontal/00717/00717_960620_fb.png
1919: D:\Matlab\TCC\Originais\feret_frontal/00718/00718_941201_fa.png
1920: D:\Matlab\TCC\Originais\feret_frontal/00718/00718_941201_fb.png
1921: D:\Matlab\TCC\Originais\feret_frontal/00718/00718_941205_fa.png
1922: D:\Matlab\TCC\Originais\feret_frontal/00718/00718_941205_fb.png
1923: D:\Matlab\TCC\Originais\feret_frontal/00719/00719_941201_fa.png
1924: D:\Matlab\TCC\Originais\feret_frontal/00719/00719_941201_fb.png
1925: D:\Matlab\TCC\Originais\feret_frontal/00719/00719_960620_fa.png
1926: D:\Matlab\TCC\Originais\feret_frontal/00719/00719_960620_fb.png
1927: D:\Matlab\TCC\Originais\feret_frontal/00720/00720_941201_fa.png
1928: D:\Matlab\TCC\Originais\feret_frontal/00720/00720_941201_fb.png
1929: D:\Matlab\TCC\Originais\feret_frontal/00720/00720_941205_fa.png
1930: D:\Matlab\TCC\Originais\feret_frontal/00720/00720_941205_fb.png
1931: D:\Matlab\TCC\Originais\feret_frontal/00720/00720_960620_fa.png
1932: D:\Matlab\TCC\Originais\feret_frontal/00720/00720_960620_fb.png
1933: D:\Matlab\TCC\Originais\feret_frontal/00721/00721_941201_fa.png
1934: D:\Matlab\TCC\Originais\feret_frontal/00721/00721_941201_fb.png
1935: D:\Matlab\TCC\Originais\feret_frontal/00721/00721_941205_fa.png
1936: D:\Matlab\TCC\Originais\feret_frontal/00721/00721_941205_fb.png
1937: D:\Matlab\TCC\Originais\feret_frontal/00722/00722_941201_fa.png
1938: D:\Matlab\TCC\Originais\feret_frontal/00722/00722_941201_fb.png
1939: D:\Matlab\TCC\Originais\feret_frontal/00722/00722_941205_fa.png
1940: D:\Matlab\TCC\Originais\feret_frontal/00722/00722_941205_fb.png
1941: D:\Matlab\TCC\Originais\feret_frontal/00722/00722_960530_fa.png
1942: D:\Matlab\TCC\Originais\feret_frontal/00722/00722_960530_fb.png
1943: D:\Matlab\TCC\Originais\feret_frontal/00722/00722_960627_fa.png
1944: D:\Matlab\TCC\Originais\feret_frontal/00722/00722_960627_fb.png
1945: D:\Matlab\TCC\Originais\feret_frontal/00723/00723_941201_fa.png
1946: D:\Matlab\TCC\Originais\feret_frontal/00723/00723_941201_fb.png
1947: D:\Matlab\TCC\Originais\feret_frontal/00724/00724_941201_fa.png
1948: D:\Matlab\TCC\Originais\feret_frontal/00724/00724_941201_fb.png
1949: D:\Matlab\TCC\Originais\feret_frontal/00724/00724_960530_fa.png
1950: D:\Matlab\TCC\Originais\feret_frontal/00724/00724_960530_fb.png
1951: D:\Matlab\TCC\Originais\feret_frontal/00724/00724_960620_fa.png
1952: D:\Matlab\TCC\Originais\feret_frontal/00724/00724_960620_fb.png
1953: D:\Matlab\TCC\Originais\feret_frontal/00725/00725_941201_fa.png
1954: D:\Matlab\TCC\Originais\feret_frontal/00725/00725_941201_fb.png
1955: D:\Matlab\TCC\Originais\feret_frontal/00725/00725_941205_fa.png
1956: D:\Matlab\TCC\Originais\feret_frontal/00725/00725_941205_fb.png
1957: D:\Matlab\TCC\Originais\feret_frontal/00726/00726_941201_fa.png
1958: D:\Matlab\TCC\Originais\feret_frontal/00726/00726_941201_fb.png
1959: D:\Matlab\TCC\Originais\feret_frontal/00726/00726_941205_fa.png
1960: D:\Matlab\TCC\Originais\feret_frontal/00726/00726_941205_fb.png
1961: D:\Matlab\TCC\Originais\feret_frontal/00727/00727_941201_fa.png
1962: D:\Matlab\TCC\Originais\feret_frontal/00727/00727_941201_fb.png
1963: D:\Matlab\TCC\Originais\feret_frontal/00727/00727_941205_fa.png
1964: D:\Matlab\TCC\Originais\feret_frontal/00727/00727_941205_fb.png
1965: D:\Matlab\TCC\Originais\feret_frontal/00728/00728_941201_fa.png
1966: D:\Matlab\TCC\Originais\feret_frontal/00728/00728_941201_fb.png
1967: D:\Matlab\TCC\Originais\feret_frontal/00728/00728_941205_fa.png
1968: D:\Matlab\TCC\Originais\feret_frontal/00728/00728_941205_fb.png
1969: D:\Matlab\TCC\Originais\feret_frontal/00729/00729_941201_fa.png
1970: D:\Matlab\TCC\Originais\feret_frontal/00729/00729_941201_fb.png
1971: D:\Matlab\TCC\Originais\feret_frontal/00729/00729_941205_fa.png
1972: D:\Matlab\TCC\Originais\feret_frontal/00729/00729_941205_fb.png
1973: D:\Matlab\TCC\Originais\feret_frontal/00730/00730_941201_fa.png
1974: D:\Matlab\TCC\Originais\feret_frontal/00730/00730_941201_fb.png
1975: D:\Matlab\TCC\Originais\feret_frontal/00730/00730_960530_fa.png
1976: D:\Matlab\TCC\Originais\feret_frontal/00730/00730_960530_fb.png
1977: D:\Matlab\TCC\Originais\feret_frontal/00730/00730_960620_fa.png
1978: D:\Matlab\TCC\Originais\feret_frontal/00730/00730_960620_fb.png
1979: D:\Matlab\TCC\Originais\feret_frontal/00731/00731_941201_fa.png
1980: D:\Matlab\TCC\Originais\feret_frontal/00731/00731_941201_fb.png
1981: D:\Matlab\TCC\Originais\feret_frontal/00732/00732_941201_fa.png
1982: D:\Matlab\TCC\Originais\feret_frontal/00732/00732_941201_fb.png
1983: D:\Matlab\TCC\Originais\feret_frontal/00732/00732_941205_fa.png
1984: D:\Matlab\TCC\Originais\feret_frontal/00732/00732_941205_fb.png
1985: D:\Matlab\TCC\Originais\feret_frontal/00732/00732_960530_fa.png
1986: D:\Matlab\TCC\Originais\feret_frontal/00732/00732_960530_fa_a.png
1987: D:\Matlab\TCC\Originais\feret_frontal/00732/00732_960530_fb.png
1988: D:\Matlab\TCC\Originais\feret_frontal/00732/00732_960530_fb_a.png
1989: D:\Matlab\TCC\Originais\feret_frontal/00732/00732_960620_fa.png
1990: D:\Matlab\TCC\Originais\feret_frontal/00732/00732_960620_fb.png
1991: D:\Matlab\TCC\Originais\feret_frontal/00732/00732_960627_fa.png
1992: D:\Matlab\TCC\Originais\feret_frontal/00732/00732_960627_fb.png
1993: D:\Matlab\TCC\Originais\feret_frontal/00733/00733_941201_fa.png
1994: D:\Matlab\TCC\Originais\feret_frontal/00733/00733_941201_fb.png
1995: D:\Matlab\TCC\Originais\feret_frontal/00733/00733_960530_fa.png
1996: D:\Matlab\TCC\Originais\feret_frontal/00733/00733_960530_fb.png
1997: D:\Matlab\TCC\Originais\feret_frontal/00734/00734_941201_fa.png
1998: D:\Matlab\TCC\Originais\feret_frontal/00734/00734_941201_fb.png
1999: D:\Matlab\TCC\Originais\feret_frontal/00735/00735_941201_fa.png
2000: D:\Matlab\TCC\Originais\feret_frontal/00735/00735_941201_fb.png
2001: D:\Matlab\TCC\Originais\feret_frontal/00735/00735_941205_fa.png
2002: D:\Matlab\TCC\Originais\feret_frontal/00735/00735_941205_fb.png
2003: D:\Matlab\TCC\Originais\feret_frontal/00736/00736_941201_fa.png
2004: D:\Matlab\TCC\Originais\feret_frontal/00736/00736_941201_fb.png
2005: D:\Matlab\TCC\Originais\feret_frontal/00736/00736_941205_fa.png
2006: D:\Matlab\TCC\Originais\feret_frontal/00736/00736_941205_fb.png
2007: D:\Matlab\TCC\Originais\feret_frontal/00737/00737_941201_fa.png
2008: D:\Matlab\TCC\Originais\feret_frontal/00737/00737_941201_fb.png
2009: D:\Matlab\TCC\Originais\feret_frontal/00737/00737_960530_fa.png
2010: D:\Matlab\TCC\Originais\feret_frontal/00737/00737_960530_fb.png
2011: D:\Matlab\TCC\Originais\feret_frontal/00737/00737_960620_fa.png
2012: D:\Matlab\TCC\Originais\feret_frontal/00737/00737_960620_fb.png
2013: D:\Matlab\TCC\Originais\feret_frontal/00738/00738_941201_fa.png
2014: D:\Matlab\TCC\Originais\feret_frontal/00738/00738_941201_fb.png
2015: D:\Matlab\TCC\Originais\feret_frontal/00739/00739_941201_fa.png
2016: D:\Matlab\TCC\Originais\feret_frontal/00739/00739_941201_fb.png
2017: D:\Matlab\TCC\Originais\feret_frontal/00739/00739_941205_fa.png
2018: D:\Matlab\TCC\Originais\feret_frontal/00739/00739_941205_fb.png
2019: D:\Matlab\TCC\Originais\feret_frontal/00740/00740_941201_fa.png
2020: D:\Matlab\TCC\Originais\feret_frontal/00740/00740_941201_fb.png
2021: D:\Matlab\TCC\Originais\feret_frontal/00740/00740_941205_fa.png
2022: D:\Matlab\TCC\Originais\feret_frontal/00740/00740_941205_fb.png
2023: D:\Matlab\TCC\Originais\feret_frontal/00741/00741_941201_fa.png
2024: D:\Matlab\TCC\Originais\feret_frontal/00741/00741_941201_fb.png
2025: D:\Matlab\TCC\Originais\feret_frontal/00742/00742_941201_fa.png
2026: D:\Matlab\TCC\Originais\feret_frontal/00742/00742_941201_fb.png
2027: D:\Matlab\TCC\Originais\feret_frontal/00743/00743_941201_fa.png
2028: D:\Matlab\TCC\Originais\feret_frontal/00743/00743_941201_fb.png
2029: D:\Matlab\TCC\Originais\feret_frontal/00743/00743_960530_fa.png
2030: D:\Matlab\TCC\Originais\feret_frontal/00743/00743_960530_fb.png
2031: D:\Matlab\TCC\Originais\feret_frontal/00743/00743_960620_fa.png
2032: D:\Matlab\TCC\Originais\feret_frontal/00743/00743_960620_fb.png
2033: D:\Matlab\TCC\Originais\feret_frontal/00744/00744_941201_fa.png
2034: D:\Matlab\TCC\Originais\feret_frontal/00744/00744_941201_fb.png
2035: D:\Matlab\TCC\Originais\feret_frontal/00744/00744_941205_fa.png
2036: D:\Matlab\TCC\Originais\feret_frontal/00744/00744_941205_fb.png
2037: D:\Matlab\TCC\Originais\feret_frontal/00744/00744_960530_fa.png
2038: D:\Matlab\TCC\Originais\feret_frontal/00744/00744_960530_fb.png
2039: D:\Matlab\TCC\Originais\feret_frontal/00744/00744_960620_fa.png
2040: D:\Matlab\TCC\Originais\feret_frontal/00744/00744_960620_fb.png
2041: D:\Matlab\TCC\Originais\feret_frontal/00745/00745_941201_fa.png
2042: D:\Matlab\TCC\Originais\feret_frontal/00745/00745_941201_fb.png
2043: D:\Matlab\TCC\Originais\feret_frontal/00745/00745_941205_fa.png
2044: D:\Matlab\TCC\Originais\feret_frontal/00745/00745_941205_fb.png
2045: D:\Matlab\TCC\Originais\feret_frontal/00745/00745_960530_fa.png
2046: D:\Matlab\TCC\Originais\feret_frontal/00745/00745_960530_fb.png
2047: D:\Matlab\TCC\Originais\feret_frontal/00745/00745_960620_fa.png
2048: D:\Matlab\TCC\Originais\feret_frontal/00745/00745_960620_fb.png
2049: D:\Matlab\TCC\Originais\feret_frontal/00746/00746_941201_fa.png
2050: D:\Matlab\TCC\Originais\feret_frontal/00746/00746_941201_fb.png
2051: D:\Matlab\TCC\Originais\feret_frontal/00746/00746_941205_fa.png
2052: D:\Matlab\TCC\Originais\feret_frontal/00746/00746_941205_fb.png
2053: D:\Matlab\TCC\Originais\feret_frontal/00747/00747_941201_fa.png
2054: D:\Matlab\TCC\Originais\feret_frontal/00747/00747_941201_fb.png
2055: D:\Matlab\TCC\Originais\feret_frontal/00747/00747_941205_fa.png
2056: D:\Matlab\TCC\Originais\feret_frontal/00747/00747_941205_fb.png
2057: D:\Matlab\TCC\Originais\feret_frontal/00749/00749_941201_fa.png
2058: D:\Matlab\TCC\Originais\feret_frontal/00749/00749_941201_fb.png
2059: D:\Matlab\TCC\Originais\feret_frontal/00750/00750_941201_fa.png
2060: D:\Matlab\TCC\Originais\feret_frontal/00750/00750_941201_fb.png
2061: D:\Matlab\TCC\Originais\feret_frontal/00750/00750_941205_fa.png
2062: D:\Matlab\TCC\Originais\feret_frontal/00750/00750_941205_fb.png
2063: D:\Matlab\TCC\Originais\feret_frontal/00750/00750_960530_fa.png
2064: D:\Matlab\TCC\Originais\feret_frontal/00750/00750_960530_fb.png
2065: D:\Matlab\TCC\Originais\feret_frontal/00751/00751_941201_fa.png
2066: D:\Matlab\TCC\Originais\feret_frontal/00751/00751_941201_fb.png
2067: D:\Matlab\TCC\Originais\feret_frontal/00751/00751_941205_fa.png
2068: D:\Matlab\TCC\Originais\feret_frontal/00751/00751_941205_fb.png
2069: D:\Matlab\TCC\Originais\feret_frontal/00751/00751_960530_fa.png
2070: D:\Matlab\TCC\Originais\feret_frontal/00751/00751_960530_fb.png
2071: D:\Matlab\TCC\Originais\feret_frontal/00751/00751_960620_fa.png
2072: D:\Matlab\TCC\Originais\feret_frontal/00751/00751_960620_fb.png
2073: D:\Matlab\TCC\Originais\feret_frontal/00752/00752_941201_fa.png
2074: D:\Matlab\TCC\Originais\feret_frontal/00752/00752_941201_fb.png
2075: D:\Matlab\TCC\Originais\feret_frontal/00752/00752_941205_fa.png
2076: D:\Matlab\TCC\Originais\feret_frontal/00752/00752_941205_fb.png
2077: D:\Matlab\TCC\Originais\feret_frontal/00752/00752_960530_fa.png
2078: D:\Matlab\TCC\Originais\feret_frontal/00752/00752_960530_fb.png
2079: D:\Matlab\TCC\Originais\feret_frontal/00752/00752_960620_fa.png
2080: D:\Matlab\TCC\Originais\feret_frontal/00752/00752_960620_fb.png
2081: D:\Matlab\TCC\Originais\feret_frontal/00753/00753_941201_fa.png
2082: D:\Matlab\TCC\Originais\feret_frontal/00753/00753_941201_fb.png
2083: D:\Matlab\TCC\Originais\feret_frontal/00754/00754_941201_fa.png
2084: D:\Matlab\TCC\Originais\feret_frontal/00754/00754_941201_fb.png
2085: D:\Matlab\TCC\Originais\feret_frontal/00755/00755_941201_fa.png
2086: D:\Matlab\TCC\Originais\feret_frontal/00755/00755_941201_fb.png
2087: D:\Matlab\TCC\Originais\feret_frontal/00756/00756_941201_fa.png
2088: D:\Matlab\TCC\Originais\feret_frontal/00756/00756_941201_fb.png
2089: D:\Matlab\TCC\Originais\feret_frontal/00757/00757_941201_fa.png
2090: D:\Matlab\TCC\Originais\feret_frontal/00757/00757_941201_fb.png
2091: D:\Matlab\TCC\Originais\feret_frontal/00758/00758_941201_fa.png
2092: D:\Matlab\TCC\Originais\feret_frontal/00758/00758_941201_fb.png
2093: D:\Matlab\TCC\Originais\feret_frontal/00758/00758_960530_fa.png
2094: D:\Matlab\TCC\Originais\feret_frontal/00758/00758_960530_fb.png
2095: D:\Matlab\TCC\Originais\feret_frontal/00760/00760_941201_fa.png
2096: D:\Matlab\TCC\Originais\feret_frontal/00760/00760_941201_fb.png
2097: D:\Matlab\TCC\Originais\feret_frontal/00760/00760_960530_fa.png
2098: D:\Matlab\TCC\Originais\feret_frontal/00760/00760_960530_fb.png
2099: D:\Matlab\TCC\Originais\feret_frontal/00760/00760_960620_fa.png
2100: D:\Matlab\TCC\Originais\feret_frontal/00760/00760_960620_fb.png
2101: D:\Matlab\TCC\Originais\feret_frontal/00761/00761_941201_fa.png
2102: D:\Matlab\TCC\Originais\feret_frontal/00761/00761_941201_fb.png
2103: D:\Matlab\TCC\Originais\feret_frontal/00761/00761_960530_fa.png
2104: D:\Matlab\TCC\Originais\feret_frontal/00761/00761_960530_fb.png
2105: D:\Matlab\TCC\Originais\feret_frontal/00761/00761_960620_fa.png
2106: D:\Matlab\TCC\Originais\feret_frontal/00761/00761_960620_fb.png
2107: D:\Matlab\TCC\Originais\feret_frontal/00761/00761_960627_fa.png
2108: D:\Matlab\TCC\Originais\feret_frontal/00761/00761_960627_fb.png
2109: D:\Matlab\TCC\Originais\feret_frontal/00762/00762_941201_fa.png
2110: D:\Matlab\TCC\Originais\feret_frontal/00762/00762_941201_fb.png
2111: D:\Matlab\TCC\Originais\feret_frontal/00762/00762_941205_fa.png
2112: D:\Matlab\TCC\Originais\feret_frontal/00762/00762_941205_fb.png
2113: D:\Matlab\TCC\Originais\feret_frontal/00763/00763_941201_fa.png
2114: D:\Matlab\TCC\Originais\feret_frontal/00763/00763_941201_fb.png
2115: D:\Matlab\TCC\Originais\feret_frontal/00763/00763_941205_fa.png
2116: D:\Matlab\TCC\Originais\feret_frontal/00763/00763_941205_fb.png
2117: D:\Matlab\TCC\Originais\feret_frontal/00763/00763_960530_fa.png
2118: D:\Matlab\TCC\Originais\feret_frontal/00763/00763_960530_fb.png
2119: D:\Matlab\TCC\Originais\feret_frontal/00764/00764_941201_fa.png
2120: D:\Matlab\TCC\Originais\feret_frontal/00764/00764_941201_fb.png
2121: D:\Matlab\TCC\Originais\feret_frontal/00764/00764_941205_fa.png
2122: D:\Matlab\TCC\Originais\feret_frontal/00764/00764_941205_fb.png
2123: D:\Matlab\TCC\Originais\feret_frontal/00765/00765_941201_fa.png
2124: D:\Matlab\TCC\Originais\feret_frontal/00765/00765_941201_fb.png
2125: D:\Matlab\TCC\Originais\feret_frontal/00766/00766_941201_fa.png
2126: D:\Matlab\TCC\Originais\feret_frontal/00766/00766_941201_fb.png
2127: D:\Matlab\TCC\Originais\feret_frontal/00766/00766_960530_fa.png
2128: D:\Matlab\TCC\Originais\feret_frontal/00766/00766_960530_fb.png
2129: D:\Matlab\TCC\Originais\feret_frontal/00766/00766_960620_fa.png
2130: D:\Matlab\TCC\Originais\feret_frontal/00766/00766_960620_fb.png
2131: D:\Matlab\TCC\Originais\feret_frontal/00767/00767_941201_fa.png
2132: D:\Matlab\TCC\Originais\feret_frontal/00767/00767_941201_fb.png
2133: D:\Matlab\TCC\Originais\feret_frontal/00767/00767_960530_fa.png
2134: D:\Matlab\TCC\Originais\feret_frontal/00767/00767_960530_fb.png
2135: D:\Matlab\TCC\Originais\feret_frontal/00768/00768_941201_fa.png
2136: D:\Matlab\TCC\Originais\feret_frontal/00768/00768_941201_fb.png
2137: D:\Matlab\TCC\Originais\feret_frontal/00768/00768_941205_fa.png
2138: D:\Matlab\TCC\Originais\feret_frontal/00768/00768_941205_fb.png
2139: D:\Matlab\TCC\Originais\feret_frontal/00768/00768_960530_fa.png
2140: D:\Matlab\TCC\Originais\feret_frontal/00768/00768_960530_fb.png
2141: D:\Matlab\TCC\Originais\feret_frontal/00769/00769_941201_fa.png
2142: D:\Matlab\TCC\Originais\feret_frontal/00769/00769_941201_fb.png
2143: D:\Matlab\TCC\Originais\feret_frontal/00769/00769_941205_fa.png
2144: D:\Matlab\TCC\Originais\feret_frontal/00769/00769_941205_fb.png
2145: D:\Matlab\TCC\Originais\feret_frontal/00770/00770_941201_fa.png
2146: D:\Matlab\TCC\Originais\feret_frontal/00770/00770_941201_fb.png
2147: D:\Matlab\TCC\Originais\feret_frontal/00770/00770_960530_fa.png
2148: D:\Matlab\TCC\Originais\feret_frontal/00770/00770_960530_fa_a.png
2149: D:\Matlab\TCC\Originais\feret_frontal/00770/00770_960530_fb.png
2150: D:\Matlab\TCC\Originais\feret_frontal/00770/00770_960530_fb_a.png
2151: D:\Matlab\TCC\Originais\feret_frontal/00770/00770_960620_fa.png
2152: D:\Matlab\TCC\Originais\feret_frontal/00770/00770_960620_fb.png
2153: D:\Matlab\TCC\Originais\feret_frontal/00771/00771_941201_fa.png
2154: D:\Matlab\TCC\Originais\feret_frontal/00771/00771_941201_fb.png
2155: D:\Matlab\TCC\Originais\feret_frontal/00771/00771_941205_fa.png
2156: D:\Matlab\TCC\Originais\feret_frontal/00771/00771_941205_fb.png
2157: D:\Matlab\TCC\Originais\feret_frontal/00771/00771_960530_fa.png
2158: D:\Matlab\TCC\Originais\feret_frontal/00771/00771_960530_fb.png
2159: D:\Matlab\TCC\Originais\feret_frontal/00772/00772_941201_fa.png
2160: D:\Matlab\TCC\Originais\feret_frontal/00772/00772_941201_fb.png
2161: D:\Matlab\TCC\Originais\feret_frontal/00772/00772_960530_fa.png
2162: D:\Matlab\TCC\Originais\feret_frontal/00772/00772_960530_fb.png
2163: D:\Matlab\TCC\Originais\feret_frontal/00772/00772_960620_fa.png
2164: D:\Matlab\TCC\Originais\feret_frontal/00772/00772_960620_fb.png
2165: D:\Matlab\TCC\Originais\feret_frontal/00773/00773_941201_fa.png
2166: D:\Matlab\TCC\Originais\feret_frontal/00773/00773_941201_fb.png
2167: D:\Matlab\TCC\Originais\feret_frontal/00773/00773_960530_fa.png
2168: D:\Matlab\TCC\Originais\feret_frontal/00773/00773_960530_fb.png
2169: D:\Matlab\TCC\Originais\feret_frontal/00773/00773_960620_fa.png
2170: D:\Matlab\TCC\Originais\feret_frontal/00773/00773_960620_fb.png
2171: D:\Matlab\TCC\Originais\feret_frontal/00774/00774_941201_fa.png
2172: D:\Matlab\TCC\Originais\feret_frontal/00774/00774_941201_fb.png
2173: D:\Matlab\TCC\Originais\feret_frontal/00774/00774_941205_fa.png
2174: D:\Matlab\TCC\Originais\feret_frontal/00774/00774_941205_fb.png
2175: D:\Matlab\TCC\Originais\feret_frontal/00774/00774_960620_fa.png
2176: D:\Matlab\TCC\Originais\feret_frontal/00774/00774_960620_fb.png
2177: D:\Matlab\TCC\Originais\feret_frontal/00775/00775_941205_fa.png
2178: D:\Matlab\TCC\Originais\feret_frontal/00775/00775_941205_fb.png
2179: D:\Matlab\TCC\Originais\feret_frontal/00775/00775_960530_fa.png
2180: D:\Matlab\TCC\Originais\feret_frontal/00775/00775_960530_fb.png
2181: D:\Matlab\TCC\Originais\feret_frontal/00776/00776_941205_fa.png
2182: D:\Matlab\TCC\Originais\feret_frontal/00776/00776_941205_fb.png
2183: D:\Matlab\TCC\Originais\feret_frontal/00777/00777_941205_fa.png
2184: D:\Matlab\TCC\Originais\feret_frontal/00777/00777_941205_fb.png
2185: D:\Matlab\TCC\Originais\feret_frontal/00778/00778_941205_fa.png
2186: D:\Matlab\TCC\Originais\feret_frontal/00778/00778_941205_fb.png
2187: D:\Matlab\TCC\Originais\feret_frontal/00779/00779_941205_fa.png
2188: D:\Matlab\TCC\Originais\feret_frontal/00779/00779_941205_fb.png
2189: D:\Matlab\TCC\Originais\feret_frontal/00779/00779_960530_fa.png
2190: D:\Matlab\TCC\Originais\feret_frontal/00779/00779_960530_fb.png
2191: D:\Matlab\TCC\Originais\feret_frontal/00780/00780_941205_fa.png
2192: D:\Matlab\TCC\Originais\feret_frontal/00780/00780_941205_fb.png
2193: D:\Matlab\TCC\Originais\feret_frontal/00780/00780_960530_fa.png
2194: D:\Matlab\TCC\Originais\feret_frontal/00780/00780_960530_fb.png
2195: D:\Matlab\TCC\Originais\feret_frontal/00781/00781_941205_fa.png
2196: D:\Matlab\TCC\Originais\feret_frontal/00781/00781_941205_fb.png
2197: D:\Matlab\TCC\Originais\feret_frontal/00781/00781_960530_fa_a.png
2198: D:\Matlab\TCC\Originais\feret_frontal/00781/00781_960530_fb_a.png
2199: D:\Matlab\TCC\Originais\feret_frontal/00782/00782_941205_fa.png
2200: D:\Matlab\TCC\Originais\feret_frontal/00782/00782_941205_fb.png
2201: D:\Matlab\TCC\Originais\feret_frontal/00783/00783_941205_fa.png
2202: D:\Matlab\TCC\Originais\feret_frontal/00783/00783_941205_fb.png
2203: D:\Matlab\TCC\Originais\feret_frontal/00784/00784_941205_fa.png
2204: D:\Matlab\TCC\Originais\feret_frontal/00784/00784_941205_fb.png
2205: D:\Matlab\TCC\Originais\feret_frontal/00785/00785_941205_fa.png
2206: D:\Matlab\TCC\Originais\feret_frontal/00785/00785_941205_fb.png
2207: D:\Matlab\TCC\Originais\feret_frontal/00786/00786_941205_fa.png
2208: D:\Matlab\TCC\Originais\feret_frontal/00786/00786_941205_fb.png
2209: D:\Matlab\TCC\Originais\feret_frontal/00787/00787_941205_fa.png
2210: D:\Matlab\TCC\Originais\feret_frontal/00787/00787_941205_fb.png
2211: D:\Matlab\TCC\Originais\feret_frontal/00787/00787_960620_fa.png
2212: D:\Matlab\TCC\Originais\feret_frontal/00787/00787_960620_fb.png
2213: D:\Matlab\TCC\Originais\feret_frontal/00788/00788_941205_fa.png
2214: D:\Matlab\TCC\Originais\feret_frontal/00788/00788_941205_fb.png
2215: D:\Matlab\TCC\Originais\feret_frontal/00789/00789_941205_fa.png
2216: D:\Matlab\TCC\Originais\feret_frontal/00789/00789_941205_fb.png
2217: D:\Matlab\TCC\Originais\feret_frontal/00789/00789_960530_fa.png
2218: D:\Matlab\TCC\Originais\feret_frontal/00789/00789_960530_fb.png
2219: D:\Matlab\TCC\Originais\feret_frontal/00789/00789_960620_fa.png
2220: D:\Matlab\TCC\Originais\feret_frontal/00789/00789_960620_fb.png
2221: D:\Matlab\TCC\Originais\feret_frontal/00790/00790_941205_fa.png
2222: D:\Matlab\TCC\Originais\feret_frontal/00790/00790_941205_fb.png
2223: D:\Matlab\TCC\Originais\feret_frontal/00791/00791_941205_fa.png
2224: D:\Matlab\TCC\Originais\feret_frontal/00791/00791_941205_fb.png
2225: D:\Matlab\TCC\Originais\feret_frontal/00792/00792_941205_fa.png
2226: D:\Matlab\TCC\Originais\feret_frontal/00792/00792_941205_fb.png
2227: D:\Matlab\TCC\Originais\feret_frontal/00793/00793_941205_fa.png
2228: D:\Matlab\TCC\Originais\feret_frontal/00793/00793_941205_fb.png
2229: D:\Matlab\TCC\Originais\feret_frontal/00794/00794_941205_fa.png
2230: D:\Matlab\TCC\Originais\feret_frontal/00794/00794_941205_fb.png
2231: D:\Matlab\TCC\Originais\feret_frontal/00794/00794_960530_fa.png
2232: D:\Matlab\TCC\Originais\feret_frontal/00794/00794_960530_fb.png
2233: D:\Matlab\TCC\Originais\feret_frontal/00794/00794_960620_fa.png
2234: D:\Matlab\TCC\Originais\feret_frontal/00794/00794_960620_fb.png
2235: D:\Matlab\TCC\Originais\feret_frontal/00795/00795_941205_fa.png
2236: D:\Matlab\TCC\Originais\feret_frontal/00795/00795_941205_fb.png
2237: D:\Matlab\TCC\Originais\feret_frontal/00796/00796_941205_fa.png
2238: D:\Matlab\TCC\Originais\feret_frontal/00796/00796_941205_fb.png
2239: D:\Matlab\TCC\Originais\feret_frontal/00797/00797_941205_fa.png
2240: D:\Matlab\TCC\Originais\feret_frontal/00797/00797_941205_fb.png
2241: D:\Matlab\TCC\Originais\feret_frontal/00797/00797_960620_fa.png
2242: D:\Matlab\TCC\Originais\feret_frontal/00797/00797_960620_fb.png
2243: D:\Matlab\TCC\Originais\feret_frontal/00798/00798_941205_fa.png
2244: D:\Matlab\TCC\Originais\feret_frontal/00798/00798_941205_fb.png
2245: D:\Matlab\TCC\Originais\feret_frontal/00799/00799_941205_fa.png
2246: D:\Matlab\TCC\Originais\feret_frontal/00799/00799_941205_fb.png
2247: D:\Matlab\TCC\Originais\feret_frontal/00800/00800_941205_fa.png
2248: D:\Matlab\TCC\Originais\feret_frontal/00800/00800_941205_fb.png
2249: D:\Matlab\TCC\Originais\feret_frontal/00801/00801_941205_fa.png
2250: D:\Matlab\TCC\Originais\feret_frontal/00801/00801_941205_fb.png
2251: D:\Matlab\TCC\Originais\feret_frontal/00802/00802_941205_fa.png
2252: D:\Matlab\TCC\Originais\feret_frontal/00802/00802_941205_fb.png
2253: D:\Matlab\TCC\Originais\feret_frontal/00803/00803_941205_fa.png
2254: D:\Matlab\TCC\Originais\feret_frontal/00803/00803_941205_fb.png
2255: D:\Matlab\TCC\Originais\feret_frontal/00804/00804_941205_fa.png
2256: D:\Matlab\TCC\Originais\feret_frontal/00804/00804_941205_fb.png
2257: D:\Matlab\TCC\Originais\feret_frontal/00804/00804_960530_fa.png
2258: D:\Matlab\TCC\Originais\feret_frontal/00804/00804_960530_fb.png
2259: D:\Matlab\TCC\Originais\feret_frontal/00805/00805_941205_fa.png
2260: D:\Matlab\TCC\Originais\feret_frontal/00805/00805_941205_fb.png
2261: D:\Matlab\TCC\Originais\feret_frontal/00806/00806_941205_fa.png
2262: D:\Matlab\TCC\Originais\feret_frontal/00806/00806_941205_fb.png
2263: D:\Matlab\TCC\Originais\feret_frontal/00806/00806_960620_fa.png
2264: D:\Matlab\TCC\Originais\feret_frontal/00806/00806_960620_fb.png
2265: D:\Matlab\TCC\Originais\feret_frontal/00807/00807_941205_fa.png
2266: D:\Matlab\TCC\Originais\feret_frontal/00807/00807_941205_fb.png
2267: D:\Matlab\TCC\Originais\feret_frontal/00807/00807_960530_fa.png
2268: D:\Matlab\TCC\Originais\feret_frontal/00807/00807_960530_fb.png
2269: D:\Matlab\TCC\Originais\feret_frontal/00809/00809_941205_fa.png
2270: D:\Matlab\TCC\Originais\feret_frontal/00809/00809_941205_fb.png
2271: D:\Matlab\TCC\Originais\feret_frontal/00809/00809_960530_fa.png
2272: D:\Matlab\TCC\Originais\feret_frontal/00809/00809_960530_fb.png
2273: D:\Matlab\TCC\Originais\feret_frontal/00809/00809_960620_fa.png
2274: D:\Matlab\TCC\Originais\feret_frontal/00809/00809_960620_fb.png
2275: D:\Matlab\TCC\Originais\feret_frontal/00810/00810_941205_fa.png
2276: D:\Matlab\TCC\Originais\feret_frontal/00810/00810_941205_fb.png
2277: D:\Matlab\TCC\Originais\feret_frontal/00810/00810_960620_fa.png
2278: D:\Matlab\TCC\Originais\feret_frontal/00810/00810_960620_fb.png
2279: D:\Matlab\TCC\Originais\feret_frontal/00811/00811_941205_fa.png
2280: D:\Matlab\TCC\Originais\feret_frontal/00811/00811_941205_fb.png
2281: D:\Matlab\TCC\Originais\feret_frontal/00811/00811_960530_fa.png
2282: D:\Matlab\TCC\Originais\feret_frontal/00811/00811_960530_fb.png
2283: D:\Matlab\TCC\Originais\feret_frontal/00812/00812_941205_fa.png
2284: D:\Matlab\TCC\Originais\feret_frontal/00812/00812_941205_fb.png
2285: D:\Matlab\TCC\Originais\feret_frontal/00812/00812_960530_fa.png
2286: D:\Matlab\TCC\Originais\feret_frontal/00812/00812_960530_fb.png
2287: D:\Matlab\TCC\Originais\feret_frontal/00813/00813_941205_fa.png
2288: D:\Matlab\TCC\Originais\feret_frontal/00813/00813_941205_fb.png
2289: D:\Matlab\TCC\Originais\feret_frontal/00814/00814_941205_fa.png
2290: D:\Matlab\TCC\Originais\feret_frontal/00814/00814_941205_fb.png
2291: D:\Matlab\TCC\Originais\feret_frontal/00815/00815_941205_fa.png
2292: D:\Matlab\TCC\Originais\feret_frontal/00815/00815_941205_fb.png
2293: D:\Matlab\TCC\Originais\feret_frontal/00816/00816_941205_fa.png
2294: D:\Matlab\TCC\Originais\feret_frontal/00816/00816_941205_fb.png
2295: D:\Matlab\TCC\Originais\feret_frontal/00816/00816_960530_fa.png
2296: D:\Matlab\TCC\Originais\feret_frontal/00816/00816_960530_fb.png
2297: D:\Matlab\TCC\Originais\feret_frontal/00816/00816_960620_fa.png
2298: D:\Matlab\TCC\Originais\feret_frontal/00816/00816_960620_fb.png
2299: D:\Matlab\TCC\Originais\feret_frontal/00817/00817_941205_fa.png
2300: D:\Matlab\TCC\Originais\feret_frontal/00817/00817_941205_fb.png
2301: D:\Matlab\TCC\Originais\feret_frontal/00818/00818_940307_fa.png
2302: D:\Matlab\TCC\Originais\feret_frontal/00818/00818_940307_fb.png
2303: D:\Matlab\TCC\Originais\feret_frontal/00819/00819_940307_fa.png
2304: D:\Matlab\TCC\Originais\feret_frontal/00819/00819_940307_fb.png
2305: D:\Matlab\TCC\Originais\feret_frontal/00820/00820_940307_fa.png
2306: D:\Matlab\TCC\Originais\feret_frontal/00820/00820_940307_fa_a.png
2307: D:\Matlab\TCC\Originais\feret_frontal/00820/00820_940307_fb.png
2308: D:\Matlab\TCC\Originais\feret_frontal/00820/00820_940307_fb_a.png
2309: D:\Matlab\TCC\Originais\feret_frontal/00821/00821_940307_fa.png
2310: D:\Matlab\TCC\Originais\feret_frontal/00821/00821_940307_fa_a.png
2311: D:\Matlab\TCC\Originais\feret_frontal/00821/00821_940307_fb.png
2312: D:\Matlab\TCC\Originais\feret_frontal/00821/00821_940307_fb_a.png
2313: D:\Matlab\TCC\Originais\feret_frontal/00822/00822_940307_fa.png
2314: D:\Matlab\TCC\Originais\feret_frontal/00822/00822_940307_fb.png
2315: D:\Matlab\TCC\Originais\feret_frontal/00823/00823_940307_fa.png
2316: D:\Matlab\TCC\Originais\feret_frontal/00823/00823_940307_fa_a.png
2317: D:\Matlab\TCC\Originais\feret_frontal/00823/00823_940307_fb.png
2318: D:\Matlab\TCC\Originais\feret_frontal/00823/00823_940307_fb_a.png
2319: D:\Matlab\TCC\Originais\feret_frontal/00824/00824_940307_fa.png
2320: D:\Matlab\TCC\Originais\feret_frontal/00824/00824_940307_fb.png
2321: D:\Matlab\TCC\Originais\feret_frontal/00825/00825_940307_fa.png
2322: D:\Matlab\TCC\Originais\feret_frontal/00825/00825_940307_fb.png
2323: D:\Matlab\TCC\Originais\feret_frontal/00826/00826_940307_fa.png
2324: D:\Matlab\TCC\Originais\feret_frontal/00826/00826_940307_fb.png
2325: D:\Matlab\TCC\Originais\feret_frontal/00827/00827_940307_fa.png
2326: D:\Matlab\TCC\Originais\feret_frontal/00827/00827_940307_fb.png
2327: D:\Matlab\TCC\Originais\feret_frontal/00828/00828_940307_fa.png
2328: D:\Matlab\TCC\Originais\feret_frontal/00828/00828_940307_fb.png
2329: D:\Matlab\TCC\Originais\feret_frontal/00829/00829_940307_fa.png
2330: D:\Matlab\TCC\Originais\feret_frontal/00829/00829_940307_fa_a.png
2331: D:\Matlab\TCC\Originais\feret_frontal/00829/00829_940307_fb.png
2332: D:\Matlab\TCC\Originais\feret_frontal/00829/00829_940307_fb_a.png
2333: D:\Matlab\TCC\Originais\feret_frontal/00830/00830_940307_fa.png
2334: D:\Matlab\TCC\Originais\feret_frontal/00830/00830_940307_fa_a.png
2335: D:\Matlab\TCC\Originais\feret_frontal/00830/00830_940307_fb.png
2336: D:\Matlab\TCC\Originais\feret_frontal/00830/00830_940307_fb_a.png
2337: D:\Matlab\TCC\Originais\feret_frontal/00831/00831_940307_fa.png
2338: D:\Matlab\TCC\Originais\feret_frontal/00831/00831_940307_fb.png
2339: D:\Matlab\TCC\Originais\feret_frontal/00833/00833_940307_fa.png
2340: D:\Matlab\TCC\Originais\feret_frontal/00833/00833_940307_fa_a.png
2341: D:\Matlab\TCC\Originais\feret_frontal/00833/00833_940307_fb.png
2342: D:\Matlab\TCC\Originais\feret_frontal/00833/00833_940307_fb_a.png
2343: D:\Matlab\TCC\Originais\feret_frontal/00834/00834_940307_fa.png
2344: D:\Matlab\TCC\Originais\feret_frontal/00834/00834_940307_fa_a.png
2345: D:\Matlab\TCC\Originais\feret_frontal/00834/00834_940307_fb.png
2346: D:\Matlab\TCC\Originais\feret_frontal/00834/00834_940307_fb_a.png
2347: D:\Matlab\TCC\Originais\feret_frontal/00835/00835_940307_fa.png
2348: D:\Matlab\TCC\Originais\feret_frontal/00835/00835_940307_fb.png
2349: D:\Matlab\TCC\Originais\feret_frontal/00836/00836_940307_fa.png
2350: D:\Matlab\TCC\Originais\feret_frontal/00836/00836_940307_fb.png
2351: D:\Matlab\TCC\Originais\feret_frontal/00837/00837_940307_fa.png
2352: D:\Matlab\TCC\Originais\feret_frontal/00837/00837_940307_fb.png
2353: D:\Matlab\TCC\Originais\feret_frontal/00838/00838_940307_fa.png
2354: D:\Matlab\TCC\Originais\feret_frontal/00838/00838_940307_fb.png
2355: D:\Matlab\TCC\Originais\feret_frontal/00839/00839_940307_fa.png
2356: D:\Matlab\TCC\Originais\feret_frontal/00839/00839_940307_fb.png
2357: D:\Matlab\TCC\Originais\feret_frontal/00840/00840_940307_fa.png
2358: D:\Matlab\TCC\Originais\feret_frontal/00840/00840_940307_fb.png
2359: D:\Matlab\TCC\Originais\feret_frontal/00841/00841_940307_fa.png
2360: D:\Matlab\TCC\Originais\feret_frontal/00841/00841_940307_fb.png
2361: D:\Matlab\TCC\Originais\feret_frontal/00842/00842_940307_fa.png
2362: D:\Matlab\TCC\Originais\feret_frontal/00842/00842_940307_fb.png
2363: D:\Matlab\TCC\Originais\feret_frontal/00843/00843_940307_fa_a.png
2364: D:\Matlab\TCC\Originais\feret_frontal/00843/00843_940307_fb_a.png
2365: D:\Matlab\TCC\Originais\feret_frontal/00844/00844_940307_fa.png
2366: D:\Matlab\TCC\Originais\feret_frontal/00844/00844_940307_fb.png
2367: D:\Matlab\TCC\Originais\feret_frontal/00845/00845_940307_fa.png
2368: D:\Matlab\TCC\Originais\feret_frontal/00845/00845_940307_fb.png
2369: D:\Matlab\TCC\Originais\feret_frontal/00846/00846_940307_fa.png
2370: D:\Matlab\TCC\Originais\feret_frontal/00846/00846_940307_fa_a.png
2371: D:\Matlab\TCC\Originais\feret_frontal/00846/00846_940307_fb.png
2372: D:\Matlab\TCC\Originais\feret_frontal/00846/00846_940307_fb_a.png
2373: D:\Matlab\TCC\Originais\feret_frontal/00847/00847_940307_fa.png
2374: D:\Matlab\TCC\Originais\feret_frontal/00847/00847_940307_fb.png
2375: D:\Matlab\TCC\Originais\feret_frontal/00848/00848_940307_fa.png
2376: D:\Matlab\TCC\Originais\feret_frontal/00848/00848_940307_fb.png
2377: D:\Matlab\TCC\Originais\feret_frontal/00849/00849_940307_fa_a.png
2378: D:\Matlab\TCC\Originais\feret_frontal/00849/00849_940307_fb_a.png
2379: D:\Matlab\TCC\Originais\feret_frontal/00850/00850_940307_fa.png
2380: D:\Matlab\TCC\Originais\feret_frontal/00850/00850_940307_fb.png
2381: D:\Matlab\TCC\Originais\feret_frontal/00851/00851_940307_fa.png
2382: D:\Matlab\TCC\Originais\feret_frontal/00851/00851_940307_fb.png
2383: D:\Matlab\TCC\Originais\feret_frontal/00852/00852_940307_fa.png
2384: D:\Matlab\TCC\Originais\feret_frontal/00852/00852_940307_fb.png
2385: D:\Matlab\TCC\Originais\feret_frontal/00853/00853_940307_fa.png
2386: D:\Matlab\TCC\Originais\feret_frontal/00853/00853_940307_fb.png
2387: D:\Matlab\TCC\Originais\feret_frontal/00854/00854_940307_fa.png
2388: D:\Matlab\TCC\Originais\feret_frontal/00854/00854_940307_fb.png
2389: D:\Matlab\TCC\Originais\feret_frontal/00855/00855_940307_fa.png
2390: D:\Matlab\TCC\Originais\feret_frontal/00855/00855_940307_fb.png
2391: D:\Matlab\TCC\Originais\feret_frontal/00856/00856_940307_fa.png
2392: D:\Matlab\TCC\Originais\feret_frontal/00856/00856_940307_fb.png
2393: D:\Matlab\TCC\Originais\feret_frontal/00857/00857_940307_fa.png
2394: D:\Matlab\TCC\Originais\feret_frontal/00857/00857_940307_fb.png
2395: D:\Matlab\TCC\Originais\feret_frontal/00858/00858_940307_fa.png
2396: D:\Matlab\TCC\Originais\feret_frontal/00858/00858_940307_fb.png
2397: D:\Matlab\TCC\Originais\feret_frontal/00859/00859_940307_fa.png
2398: D:\Matlab\TCC\Originais\feret_frontal/00859/00859_940307_fb.png
2399: D:\Matlab\TCC\Originais\feret_frontal/00860/00860_940307_fa.png
2400: D:\Matlab\TCC\Originais\feret_frontal/00860/00860_940307_fb.png
2401: D:\Matlab\TCC\Originais\feret_frontal/00861/00861_940307_fa.png
2402: D:\Matlab\TCC\Originais\feret_frontal/00861/00861_940307_fb.png
2403: D:\Matlab\TCC\Originais\feret_frontal/00862/00862_940307_fa.png
2404: D:\Matlab\TCC\Originais\feret_frontal/00862/00862_940307_fb.png
2405: D:\Matlab\TCC\Originais\feret_frontal/00863/00863_940307_fa.png
2406: D:\Matlab\TCC\Originais\feret_frontal/00863/00863_940307_fb.png
2407: D:\Matlab\TCC\Originais\feret_frontal/00864/00864_940307_fa.png
2408: D:\Matlab\TCC\Originais\feret_frontal/00864/00864_940307_fb.png
2409: D:\Matlab\TCC\Originais\feret_frontal/00865/00865_940307_fa_a.png
2410: D:\Matlab\TCC\Originais\feret_frontal/00865/00865_940307_fb_a.png
2411: D:\Matlab\TCC\Originais\feret_frontal/00866/00866_940307_fa.png
2412: D:\Matlab\TCC\Originais\feret_frontal/00866/00866_940307_fa_a.png
2413: D:\Matlab\TCC\Originais\feret_frontal/00866/00866_940307_fb.png
2414: D:\Matlab\TCC\Originais\feret_frontal/00866/00866_940307_fb_a.png
2415: D:\Matlab\TCC\Originais\feret_frontal/00867/00867_940307_fa.png
2416: D:\Matlab\TCC\Originais\feret_frontal/00867/00867_940307_fa_a.png
2417: D:\Matlab\TCC\Originais\feret_frontal/00867/00867_940307_fb.png
2418: D:\Matlab\TCC\Originais\feret_frontal/00867/00867_940307_fb_a.png
2419: D:\Matlab\TCC\Originais\feret_frontal/00868/00868_940307_fa.png
2420: D:\Matlab\TCC\Originais\feret_frontal/00868/00868_940307_fb.png
2421: D:\Matlab\TCC\Originais\feret_frontal/00869/00869_940307_fa.png
2422: D:\Matlab\TCC\Originais\feret_frontal/00869/00869_940307_fb.png
2423: D:\Matlab\TCC\Originais\feret_frontal/00870/00870_940307_fa.png
2424: D:\Matlab\TCC\Originais\feret_frontal/00870/00870_940307_fb.png
2425: D:\Matlab\TCC\Originais\feret_frontal/00871/00871_940307_fa.png
2426: D:\Matlab\TCC\Originais\feret_frontal/00871/00871_940307_fb.png
2427: D:\Matlab\TCC\Originais\feret_frontal/00872/00872_940307_fa.png
2428: D:\Matlab\TCC\Originais\feret_frontal/00872/00872_940307_fb.png
2429: D:\Matlab\TCC\Originais\feret_frontal/00873/00873_940307_fa.png
2430: D:\Matlab\TCC\Originais\feret_frontal/00873/00873_940307_fb.png
2431: D:\Matlab\TCC\Originais\feret_frontal/00874/00874_940307_fa.png
2432: D:\Matlab\TCC\Originais\feret_frontal/00874/00874_940307_fb.png
2433: D:\Matlab\TCC\Originais\feret_frontal/00875/00875_940307_fa.png
2434: D:\Matlab\TCC\Originais\feret_frontal/00875/00875_940307_fb.png
2435: D:\Matlab\TCC\Originais\feret_frontal/00876/00876_960530_fa.png
2436: D:\Matlab\TCC\Originais\feret_frontal/00876/00876_960530_fb.png
2437: D:\Matlab\TCC\Originais\feret_frontal/00876/00876_960620_fa.png
2438: D:\Matlab\TCC\Originais\feret_frontal/00876/00876_960620_fb.png
2439: D:\Matlab\TCC\Originais\feret_frontal/00877/00877_960530_fa.png
2440: D:\Matlab\TCC\Originais\feret_frontal/00877/00877_960530_fb.png
2441: D:\Matlab\TCC\Originais\feret_frontal/00878/00878_960530_fa.png
2442: D:\Matlab\TCC\Originais\feret_frontal/00878/00878_960530_fb.png
2443: D:\Matlab\TCC\Originais\feret_frontal/00879/00879_960530_fa.png
2444: D:\Matlab\TCC\Originais\feret_frontal/00879/00879_960530_fb.png
2445: D:\Matlab\TCC\Originais\feret_frontal/00879/00879_960620_fa.png
2446: D:\Matlab\TCC\Originais\feret_frontal/00879/00879_960620_fb.png
2447: D:\Matlab\TCC\Originais\feret_frontal/00880/00880_960530_fa.png
2448: D:\Matlab\TCC\Originais\feret_frontal/00880/00880_960530_fb.png
2449: D:\Matlab\TCC\Originais\feret_frontal/00882/00882_960530_fa.png
2450: D:\Matlab\TCC\Originais\feret_frontal/00882/00882_960530_fb.png
2451: D:\Matlab\TCC\Originais\feret_frontal/00883/00883_960530_fa.png
2452: D:\Matlab\TCC\Originais\feret_frontal/00883/00883_960530_fb.png
2453: D:\Matlab\TCC\Originais\feret_frontal/00884/00884_960530_fa.png
2454: D:\Matlab\TCC\Originais\feret_frontal/00884/00884_960530_fb.png
2455: D:\Matlab\TCC\Originais\feret_frontal/00885/00885_960530_fa.png
2456: D:\Matlab\TCC\Originais\feret_frontal/00885/00885_960530_fb.png
2457: D:\Matlab\TCC\Originais\feret_frontal/00886/00886_960530_fa.png
2458: D:\Matlab\TCC\Originais\feret_frontal/00886/00886_960530_fb.png
2459: D:\Matlab\TCC\Originais\feret_frontal/00887/00887_960530_fa.png
2460: D:\Matlab\TCC\Originais\feret_frontal/00887/00887_960530_fb.png
2461: D:\Matlab\TCC\Originais\feret_frontal/00888/00888_960530_fa.png
2462: D:\Matlab\TCC\Originais\feret_frontal/00888/00888_960530_fb.png
2463: D:\Matlab\TCC\Originais\feret_frontal/00889/00889_960530_fa.png
2464: D:\Matlab\TCC\Originais\feret_frontal/00889/00889_960530_fb.png
2465: D:\Matlab\TCC\Originais\feret_frontal/00890/00890_960530_fa.png
2466: D:\Matlab\TCC\Originais\feret_frontal/00890/00890_960530_fb.png
2467: D:\Matlab\TCC\Originais\feret_frontal/00891/00891_960530_fa.png
2468: D:\Matlab\TCC\Originais\feret_frontal/00891/00891_960530_fb.png
2469: D:\Matlab\TCC\Originais\feret_frontal/00892/00892_960530_fa.png
2470: D:\Matlab\TCC\Originais\feret_frontal/00892/00892_960530_fb.png
2471: D:\Matlab\TCC\Originais\feret_frontal/00893/00893_960530_fa.png
2472: D:\Matlab\TCC\Originais\feret_frontal/00893/00893_960530_fb.png
2473: D:\Matlab\TCC\Originais\feret_frontal/00894/00894_960530_fa.png
2474: D:\Matlab\TCC\Originais\feret_frontal/00894/00894_960530_fb.png
2475: D:\Matlab\TCC\Originais\feret_frontal/00894/00894_960620_fa.png
2476: D:\Matlab\TCC\Originais\feret_frontal/00894/00894_960620_fb.png
2477: D:\Matlab\TCC\Originais\feret_frontal/00895/00895_960530_fa.png
2478: D:\Matlab\TCC\Originais\feret_frontal/00895/00895_960530_fb.png
2479: D:\Matlab\TCC\Originais\feret_frontal/00896/00896_960530_fa.png
2480: D:\Matlab\TCC\Originais\feret_frontal/00896/00896_960530_fb.png
2481: D:\Matlab\TCC\Originais\feret_frontal/00897/00897_960530_fa.png
2482: D:\Matlab\TCC\Originais\feret_frontal/00897/00897_960530_fb.png
2483: D:\Matlab\TCC\Originais\feret_frontal/00898/00898_960530_fa.png
2484: D:\Matlab\TCC\Originais\feret_frontal/00898/00898_960530_fb.png
2485: D:\Matlab\TCC\Originais\feret_frontal/00899/00899_960530_fa.png
2486: D:\Matlab\TCC\Originais\feret_frontal/00899/00899_960530_fb.png
2487: D:\Matlab\TCC\Originais\feret_frontal/00899/00899_960620_fa.png
2488: D:\Matlab\TCC\Originais\feret_frontal/00899/00899_960620_fb.png
2489: D:\Matlab\TCC\Originais\feret_frontal/00900/00900_960530_fa.png
2490: D:\Matlab\TCC\Originais\feret_frontal/00900/00900_960530_fb.png
2491: D:\Matlab\TCC\Originais\feret_frontal/00900/00900_960620_fa.png
2492: D:\Matlab\TCC\Originais\feret_frontal/00900/00900_960620_fb.png
2493: D:\Matlab\TCC\Originais\feret_frontal/00901/00901_960530_fa.png
2494: D:\Matlab\TCC\Originais\feret_frontal/00901/00901_960530_fb.png
2495: D:\Matlab\TCC\Originais\feret_frontal/00902/00902_960530_fa.png
2496: D:\Matlab\TCC\Originais\feret_frontal/00902/00902_960530_fb.png
2497: D:\Matlab\TCC\Originais\feret_frontal/00903/00903_960530_fa.png
2498: D:\Matlab\TCC\Originais\feret_frontal/00903/00903_960530_fb.png
2499: D:\Matlab\TCC\Originais\feret_frontal/00903/00903_960620_fa.png
2500: D:\Matlab\TCC\Originais\feret_frontal/00903/00903_960620_fb.png
2501: D:\Matlab\TCC\Originais\feret_frontal/00904/00904_960530_fa.png
2502: D:\Matlab\TCC\Originais\feret_frontal/00904/00904_960530_fb.png
2503: D:\Matlab\TCC\Originais\feret_frontal/00905/00905_960530_fa.png
2504: D:\Matlab\TCC\Originais\feret_frontal/00905/00905_960530_fb.png
2505: D:\Matlab\TCC\Originais\feret_frontal/00906/00906_960530_fa.png
2506: D:\Matlab\TCC\Originais\feret_frontal/00906/00906_960530_fb.png
2507: D:\Matlab\TCC\Originais\feret_frontal/00907/00907_960530_fa.png
2508: D:\Matlab\TCC\Originais\feret_frontal/00907/00907_960530_fb.png
2509: D:\Matlab\TCC\Originais\feret_frontal/00907/00907_960620_fa.png
2510: D:\Matlab\TCC\Originais\feret_frontal/00907/00907_960620_fb.png
2511: D:\Matlab\TCC\Originais\feret_frontal/00908/00908_960530_fa.png
2512: D:\Matlab\TCC\Originais\feret_frontal/00908/00908_960530_fb.png
2513: D:\Matlab\TCC\Originais\feret_frontal/00909/00909_960530_fa.png
2514: D:\Matlab\TCC\Originais\feret_frontal/00909/00909_960530_fb.png
2515: D:\Matlab\TCC\Originais\feret_frontal/00910/00910_960530_fa.png
2516: D:\Matlab\TCC\Originais\feret_frontal/00910/00910_960530_fb.png
2517: D:\Matlab\TCC\Originais\feret_frontal/00911/00911_960530_fa.png
2518: D:\Matlab\TCC\Originais\feret_frontal/00911/00911_960530_fb.png
2519: D:\Matlab\TCC\Originais\feret_frontal/00912/00912_960530_fa.png
2520: D:\Matlab\TCC\Originais\feret_frontal/00912/00912_960530_fb.png
2521: D:\Matlab\TCC\Originais\feret_frontal/00913/00913_960530_fa.png
2522: D:\Matlab\TCC\Originais\feret_frontal/00913/00913_960530_fb.png
2523: D:\Matlab\TCC\Originais\feret_frontal/00914/00914_960620_fa.png
2524: D:\Matlab\TCC\Originais\feret_frontal/00914/00914_960620_fb.png
2525: D:\Matlab\TCC\Originais\feret_frontal/00915/00915_960620_fa.png
2526: D:\Matlab\TCC\Originais\feret_frontal/00915/00915_960620_fb.png
2527: D:\Matlab\TCC\Originais\feret_frontal/00916/00916_960620_fa.png
2528: D:\Matlab\TCC\Originais\feret_frontal/00916/00916_960620_fb.png
2529: D:\Matlab\TCC\Originais\feret_frontal/00917/00917_960620_fa.png
2530: D:\Matlab\TCC\Originais\feret_frontal/00917/00917_960620_fb.png
2531: D:\Matlab\TCC\Originais\feret_frontal/00918/00918_960620_fa.png
2532: D:\Matlab\TCC\Originais\feret_frontal/00918/00918_960620_fb.png
2533: D:\Matlab\TCC\Originais\feret_frontal/00919/00919_960620_fa.png
2534: D:\Matlab\TCC\Originais\feret_frontal/00919/00919_960620_fb.png
2535: D:\Matlab\TCC\Originais\feret_frontal/00920/00920_960627_fa.png
2536: D:\Matlab\TCC\Originais\feret_frontal/00920/00920_960627_fb.png
2537: D:\Matlab\TCC\Originais\feret_frontal/00921/00921_960627_fa.png
2538: D:\Matlab\TCC\Originais\feret_frontal/00921/00921_960627_fb.png
2539: D:\Matlab\TCC\Originais\feret_frontal/00922/00922_960627_fa.png
2540: D:\Matlab\TCC\Originais\feret_frontal/00922/00922_960627_fb.png
2541: D:\Matlab\TCC\Originais\feret_frontal/00923/00923_960627_fa.png
2542: D:\Matlab\TCC\Originais\feret_frontal/00923/00923_960627_fb.png
2543: D:\Matlab\TCC\Originais\feret_frontal/00924/00924_960627_fa.png
2544: D:\Matlab\TCC\Originais\feret_frontal/00924/00924_960627_fb.png
2545: D:\Matlab\TCC\Originais\feret_frontal/00925/00925_960627_fa.png
2546: D:\Matlab\TCC\Originais\feret_frontal/00925/00925_960627_fb.png
2547: D:\Matlab\TCC\Originais\feret_frontal/00926/00926_960627_fa.png
2548: D:\Matlab\TCC\Originais\feret_frontal/00926/00926_960627_fb.png
2549: D:\Matlab\TCC\Originais\feret_frontal/00927/00927_960627_fa.png
2550: D:\Matlab\TCC\Originais\feret_frontal/00927/00927_960627_fb.png
2551: D:\Matlab\TCC\Originais\feret_frontal/00928/00928_960627_fa.png
2552: D:\Matlab\TCC\Originais\feret_frontal/00928/00928_960627_fb.png
2553: D:\Matlab\TCC\Originais\feret_frontal/00929/00929_960627_fa.png
2554: D:\Matlab\TCC\Originais\feret_frontal/00929/00929_960627_fb.png
2555: D:\Matlab\TCC\Originais\feret_frontal/00930/00930_960627_fa.png
2556: D:\Matlab\TCC\Originais\feret_frontal/00930/00930_960627_fb.png
2557: D:\Matlab\TCC\Originais\feret_frontal/00931/00931_960627_fa.png
2558: D:\Matlab\TCC\Originais\feret_frontal/00931/00931_960627_fb.png
2559: D:\Matlab\TCC\Originais\feret_frontal/00932/00932_960627_fa.png
2560: D:\Matlab\TCC\Originais\feret_frontal/00932/00932_960627_fb.png
2561: D:\Matlab\TCC\Originais\feret_frontal/00933/00933_960627_fa.png
2562: D:\Matlab\TCC\Originais\feret_frontal/00933/00933_960627_fb.png
2563: D:\Matlab\TCC\Originais\feret_frontal/00934/00934_960627_fa.png
2564: D:\Matlab\TCC\Originais\feret_frontal/00934/00934_960627_fb.png
2565: D:\Matlab\TCC\Originais\feret_frontal/00935/00935_960627_fa.png
2566: D:\Matlab\TCC\Originais\feret_frontal/00935/00935_960627_fb.png
2567: D:\Matlab\TCC\Originais\feret_frontal/00936/00936_960627_fa.png
2568: D:\Matlab\TCC\Originais\feret_frontal/00936/00936_960627_fb.png
2569: D:\Matlab\TCC\Originais\feret_frontal/00937/00937_960627_fa.png
2570: D:\Matlab\TCC\Originais\feret_frontal/00937/00937_960627_fb.png
2571: D:\Matlab\TCC\Originais\feret_frontal/00938/00938_960627_fa.png
2572: D:\Matlab\TCC\Originais\feret_frontal/00938/00938_960627_fb.png
2573: D:\Matlab\TCC\Originais\feret_frontal/00939/00939_960627_fa.png
2574: D:\Matlab\TCC\Originais\feret_frontal/00939/00939_960627_fb.png
2575: D:\Matlab\TCC\Originais\feret_frontal/00940/00940_960627_fa.png
2576: D:\Matlab\TCC\Originais\feret_frontal/00940/00940_960627_fb.png
2577: D:\Matlab\TCC\Originais\feret_frontal/00941/00941_960627_fa.png
2578: D:\Matlab\TCC\Originais\feret_frontal/00941/00941_960627_fb.png
2579: D:\Matlab\TCC\Originais\feret_frontal/00942/00942_960627_fa.png
2580: D:\Matlab\TCC\Originais\feret_frontal/00942/00942_960627_fb.png
2581: D:\Matlab\TCC\Originais\feret_frontal/00943/00943_960627_fa.png
2582: D:\Matlab\TCC\Originais\feret_frontal/00943/00943_960627_fb.png
2583: D:\Matlab\TCC\Originais\feret_frontal/00944/00944_960627_fa.png
2584: D:\Matlab\TCC\Originais\feret_frontal/00944/00944_960627_fb.png
2585: D:\Matlab\TCC\Originais\feret_frontal/00945/00945_960627_fa.png
2586: D:\Matlab\TCC\Originais\feret_frontal/00945/00945_960627_fb.png
2587: D:\Matlab\TCC\Originais\feret_frontal/00946/00946_960627_fa.png
2588: D:\Matlab\TCC\Originais\feret_frontal/00946/00946_960627_fb.png
2589: D:\Matlab\TCC\Originais\feret_frontal/00947/00947_960627_fa.png
2590: D:\Matlab\TCC\Originais\feret_frontal/00947/00947_960627_fb.png
2591: D:\Matlab\TCC\Originais\feret_frontal/00948/00948_960627_fa.png
2592: D:\Matlab\TCC\Originais\feret_frontal/00948/00948_960627_fb.png
2593: D:\Matlab\TCC\Originais\feret_frontal/00949/00949_960627_fa.png
2594: D:\Matlab\TCC\Originais\feret_frontal/00949/00949_960627_fb.png
2595: D:\Matlab\TCC\Originais\feret_frontal/00950/00950_960627_fa.png
2596: D:\Matlab\TCC\Originais\feret_frontal/00950/00950_960627_fb.png
2597: D:\Matlab\TCC\Originais\feret_frontal/00951/00951_960627_fa.png
2598: D:\Matlab\TCC\Originais\feret_frontal/00951/00951_960627_fb.png
2599: D:\Matlab\TCC\Originais\feret_frontal/00952/00952_960627_fa.png
2600: D:\Matlab\TCC\Originais\feret_frontal/00952/00952_960627_fb.png
2601: D:\Matlab\TCC\Originais\feret_frontal/00953/00953_960627_fa.png
2602: D:\Matlab\TCC\Originais\feret_frontal/00953/00953_960627_fb.png
2603: D:\Matlab\TCC\Originais\feret_frontal/00954/00954_960627_fa.png
2604: D:\Matlab\TCC\Originais\feret_frontal/00954/00954_960627_fb.png
2605: D:\Matlab\TCC\Originais\feret_frontal/00955/00955_960627_fa.png
2606: D:\Matlab\TCC\Originais\feret_frontal/00955/00955_960627_fb.png
2607: D:\Matlab\TCC\Originais\feret_frontal/00956/00956_960627_fa.png
2608: D:\Matlab\TCC\Originais\feret_frontal/00956/00956_960627_fb.png
2609: D:\Matlab\TCC\Originais\feret_frontal/00957/00957_960627_fa.png
2610: D:\Matlab\TCC\Originais\feret_frontal/00957/00957_960627_fb.png
2611: D:\Matlab\TCC\Originais\feret_frontal/00958/00958_960627_fa.png
2612: D:\Matlab\TCC\Originais\feret_frontal/00958/00958_960627_fb.png
2613: D:\Matlab\TCC\Originais\feret_frontal/00959/00959_960627_fa.png
2614: D:\Matlab\TCC\Originais\feret_frontal/00959/00959_960627_fb.png
2615: D:\Matlab\TCC\Originais\feret_frontal/00960/00960_960627_fa.png
2616: D:\Matlab\TCC\Originais\feret_frontal/00960/00960_960627_fb.png
2617: D:\Matlab\TCC\Originais\feret_frontal/00961/00961_960627_fa.png
2618: D:\Matlab\TCC\Originais\feret_frontal/00961/00961_960627_fb.png
2619: D:\Matlab\TCC\Originais\feret_frontal/00962/00962_960627_fa.png
2620: D:\Matlab\TCC\Originais\feret_frontal/00962/00962_960627_fb.png
2621: D:\Matlab\TCC\Originais\feret_frontal/00963/00963_960627_fa.png
2622: D:\Matlab\TCC\Originais\feret_frontal/00963/00963_960627_fb.png
2623: D:\Matlab\TCC\Originais\feret_frontal/00964/00964_960627_fa.png
2624: D:\Matlab\TCC\Originais\feret_frontal/00964/00964_960627_fb.png
2625: D:\Matlab\TCC\Originais\feret_frontal/00965/00965_960627_fa.png
2626: D:\Matlab\TCC\Originais\feret_frontal/00965/00965_960627_fb.png
2627: D:\Matlab\TCC\Originais\feret_frontal/00966/00966_960627_fa.png
2628: D:\Matlab\TCC\Originais\feret_frontal/00966/00966_960627_fb.png
2629: D:\Matlab\TCC\Originais\feret_frontal/00967/00967_960627_fa.png
2630: D:\Matlab\TCC\Originais\feret_frontal/00967/00967_960627_fb.png
2631: D:\Matlab\TCC\Originais\feret_frontal/00968/00968_960627_fa.png
2632: D:\Matlab\TCC\Originais\feret_frontal/00968/00968_960627_fb.png
2633: D:\Matlab\TCC\Originais\feret_frontal/00969/00969_960627_fa.png
2634: D:\Matlab\TCC\Originais\feret_frontal/00969/00969_960627_fb.png
2635: D:\Matlab\TCC\Originais\feret_frontal/00970/00970_960627_fa.png
2636: D:\Matlab\TCC\Originais\feret_frontal/00970/00970_960627_fb.png
2637: D:\Matlab\TCC\Originais\feret_frontal/00971/00971_960627_fa.png
2638: D:\Matlab\TCC\Originais\feret_frontal/00971/00971_960627_fb.png
2639: D:\Matlab\TCC\Originais\feret_frontal/00972/00972_960627_fa.png
2640: D:\Matlab\TCC\Originais\feret_frontal/00972/00972_960627_fb.png
2641: D:\Matlab\TCC\Originais\feret_frontal/00973/00973_960627_fa.png
2642: D:\Matlab\TCC\Originais\feret_frontal/00973/00973_960627_fb.png
2643: D:\Matlab\TCC\Originais\feret_frontal/00974/00974_960627_fa.png
2644: D:\Matlab\TCC\Originais\feret_frontal/00974/00974_960627_fb.png
2645: D:\Matlab\TCC\Originais\feret_frontal/00976/00976_960627_fa.png
2646: D:\Matlab\TCC\Originais\feret_frontal/00976/00976_960627_fb.png
2647: D:\Matlab\TCC\Originais\feret_frontal/00977/00977_960627_fa.png
2648: D:\Matlab\TCC\Originais\feret_frontal/00977/00977_960627_fb.png
2649: D:\Matlab\TCC\Originais\feret_frontal/00978/00978_960627_fa.png
2650: D:\Matlab\TCC\Originais\feret_frontal/00978/00978_960627_fb.png
2651: D:\Matlab\TCC\Originais\feret_frontal/00979/00979_960627_fa.png
2652: D:\Matlab\TCC\Originais\feret_frontal/00979/00979_960627_fb.png
2653: D:\Matlab\TCC\Originais\feret_frontal/00980/00980_960627_fa.png
2654: D:\Matlab\TCC\Originais\feret_frontal/00980/00980_960627_fb.png
2655: D:\Matlab\TCC\Originais\feret_frontal/00981/00981_960627_fa.png
2656: D:\Matlab\TCC\Originais\feret_frontal/00981/00981_960627_fb.png
2657: D:\Matlab\TCC\Originais\feret_frontal/00982/00982_960627_fa.png
2658: D:\Matlab\TCC\Originais\feret_frontal/00982/00982_960627_fb.png
2659: D:\Matlab\TCC\Originais\feret_frontal/00983/00983_960627_fa.png
2660: D:\Matlab\TCC\Originais\feret_frontal/00983/00983_960627_fb.png
2661: D:\Matlab\TCC\Originais\feret_frontal/00984/00984_960627_fa.png
2662: D:\Matlab\TCC\Originais\feret_frontal/00984/00984_960627_fb.png
2663: D:\Matlab\TCC\Originais\feret_frontal/00985/00985_960627_fa.png
2664: D:\Matlab\TCC\Originais\feret_frontal/00985/00985_960627_fb.png
2665: D:\Matlab\TCC\Originais\feret_frontal/00986/00986_960627_fa.png
2666: D:\Matlab\TCC\Originais\feret_frontal/00986/00986_960627_fb.png
2667: D:\Matlab\TCC\Originais\feret_frontal/00987/00987_960627_fa.png
2668: D:\Matlab\TCC\Originais\feret_frontal/00987/00987_960627_fb.png
2669: D:\Matlab\TCC\Originais\feret_frontal/00988/00988_960627_fa.png
2670: D:\Matlab\TCC\Originais\feret_frontal/00988/00988_960627_fb.png
2671: D:\Matlab\TCC\Originais\feret_frontal/00989/00989_960627_fa.png
2672: D:\Matlab\TCC\Originais\feret_frontal/00990/00990_960627_fa.png
2673: D:\Matlab\TCC\Originais\feret_frontal/00990/00990_960627_fb.png
2674: D:\Matlab\TCC\Originais\feret_frontal/00991/00991_960627_fa.png
2675: D:\Matlab\TCC\Originais\feret_frontal/00991/00991_960627_fb.png
2676: D:\Matlab\TCC\Originais\feret_frontal/00992/00992_960627_fa.png
2677: D:\Matlab\TCC\Originais\feret_frontal/00992/00992_960627_fb.png
2678: D:\Matlab\TCC\Originais\feret_frontal/00993/00993_960627_fa.png
2679: D:\Matlab\TCC\Originais\feret_frontal/00993/00993_960627_fb.png
2680: D:\Matlab\TCC\Originais\feret_frontal/00994/00994_960627_fa.png
2681: D:\Matlab\TCC\Originais\feret_frontal/00994/00994_960627_fb.png
2682: D:\Matlab\TCC\Originais\feret_frontal/00995/00995_960627_fa.png
2683: D:\Matlab\TCC\Originais\feret_frontal/00995/00995_960627_fb.png
2684: D:\Matlab\TCC\Originais\feret_frontal/00996/00996_960627_fa.png
2685: D:\Matlab\TCC\Originais\feret_frontal/00996/00996_960627_fb.png
2686: D:\Matlab\TCC\Originais\feret_frontal/00997/00997_960627_fa.png
2687: D:\Matlab\TCC\Originais\feret_frontal/00997/00997_960627_fb.png
2688: D:\Matlab\TCC\Originais\feret_frontal/00998/00998_960627_fa.png
2689: D:\Matlab\TCC\Originais\feret_frontal/00998/00998_960627_fb.png
2690: D:\Matlab\TCC\Originais\feret_frontal/00999/00999_960627_fa.png
2691: D:\Matlab\TCC\Originais\feret_frontal/00999/00999_960627_fb.png
2692: D:\Matlab\TCC\Originais\feret_frontal/01000/01000_960627_fa.png
2693: D:\Matlab\TCC\Originais\feret_frontal/01000/01000_960627_fb.png
2694: D:\Matlab\TCC\Originais\feret_frontal/01001/01001_960627_fa.png
2695: D:\Matlab\TCC\Originais\feret_frontal/01001/01001_960627_fb.png
2696: D:\Matlab\TCC\Originais\feret_frontal/01002/01002_960627_fa.png
2697: D:\Matlab\TCC\Originais\feret_frontal/01002/01002_960627_fb.png
2698: D:\Matlab\TCC\Originais\feret_frontal/01003/01003_960627_fa.png
2699: D:\Matlab\TCC\Originais\feret_frontal/01003/01003_960627_fb.png
2700: D:\Matlab\TCC\Originais\feret_frontal/01004/01004_960627_fa.png
2701: D:\Matlab\TCC\Originais\feret_frontal/01004/01004_960627_fb.png
2702: D:\Matlab\TCC\Originais\feret_frontal/01005/01005_960627_fa.png
2703: D:\Matlab\TCC\Originais\feret_frontal/01005/01005_960627_fb.png
2704: D:\Matlab\TCC\Originais\feret_frontal/01006/01006_960627_fa.png
2705: D:\Matlab\TCC\Originais\feret_frontal/01006/01006_960627_fb.png
2706: D:\Matlab\TCC\Originais\feret_frontal/01007/01007_960627_fa.png
2707: D:\Matlab\TCC\Originais\feret_frontal/01007/01007_960627_fb.png
2708: D:\Matlab\TCC\Originais\feret_frontal/01008/01008_960627_fa.png
2709: D:\Matlab\TCC\Originais\feret_frontal/01008/01008_960627_fb.png
2710: D:\Matlab\TCC\Originais\feret_frontal/01009/01009_960627_fa.png
2711: D:\Matlab\TCC\Originais\feret_frontal/01009/01009_960627_fb.png
2712: D:\Matlab\TCC\Originais\feret_frontal/01010/01010_960627_fa.png
2713: D:\Matlab\TCC\Originais\feret_frontal/01010/01010_960627_fb.png
2714: D:\Matlab\TCC\Originais\feret_frontal/01011/01011_960627_fa.png
2715: D:\Matlab\TCC\Originais\feret_frontal/01011/01011_960627_fb.png
2716: D:\Matlab\TCC\Originais\feret_frontal/01012/01012_960627_fa.png
2717: D:\Matlab\TCC\Originais\feret_frontal/01012/01012_960627_fb.png
2718: D:\Matlab\TCC\Originais\feret_frontal/01207/01207_940128_fa.png
2719: D:\Matlab\TCC\Originais\feret_frontal/01207/01207_940128_fb.png
2720: D:\Matlab\TCC\Originais\feret_frontal/01208/01208_940128_fa_a.png
2721: D:\Matlab\TCC\Originais\feret_frontal/01208/01208_940128_fb_a.png



Threshold: 0.7
Numero de Images: 2722
Numero de Comparacoes: 3703281
Acertos: 3645543
Verdadeiro Positivo: 1033
Verdadeiro Negativo: 3644510
Falso Positivo: 55117
Falso Negativo: 2621
Precisao: 98.4409 %
Proporcao VP/(VP+FN): 28.2704 %
Proporcao FN/(VP+FN): 71.7296 %
Proporcao FP/(VN+FP): 1.4898 %
Proporcao VN/(VN+FP): 98.5102 %


Threshold: 0.8
Numero de Images: 2722
Numero de Comparacoes: 3703281
Acertos: 3518568
Verdadeiro Positivo: 1546
Verdadeiro Negativo: 3517022
Falso Positivo: 182605
Falso Negativo: 2108
Precisao: 95.0122 %
Proporcao VP/(VP+FN): 42.3098 %
Proporcao FN/(VP+FN): 57.6902 %
Proporcao FP/(VN+FP): 4.9358 %
Proporcao VN/(VN+FP): 95.0642 %


Threshold: 0.9
Numero de Images: 2722
Numero de Comparacoes: 3703281
Acertos: 3271591
Verdadeiro Positivo: 2026
Verdadeiro Negativo: 3269565
Falso Positivo: 430062
Falso Negativo: 1628
Precisao: 88.3430 %
Proporcao VP/(VP+FN): 55.4461 %
Proporcao FN/(VP+FN): 44.5539 %
Proporcao FP/(VN+FP): 11.6245 %
Proporcao VN/(VN+FP): 88.3755 %


Threshold: 1.0
Numero de Images: 2722
Numero de Comparacoes: 3703281
Acertos: 2891376
Verdadeiro Positivo: 2437
Verdadeiro Negativo: 2888939
Falso Positivo: 810688
Falso Negativo: 1217
Precisao: 78.0761 %
Proporcao VP/(VP+FN): 66.6940 %
Proporcao FN/(VP+FN): 33.3060 %
Proporcao FP/(VN+FP): 21.9127 %
Proporcao VN/(VN+FP): 78.0873 %
Time taken : 375.83262157440186 seconds
